step,speedX,speedY,angle,trackPos,distFromStart,distRaced,damage,steer,accel,brake,gear,r_speed,r_safety,r_smooth,r_anticipation,r_time,r_terminal,r_checkpoint,reward_total,terminal_reason
0,-0.00913045,-0.00302988,0.00822276,0.333439,3598.45,0.0,0.0,0.9577361345291138,1.0,0.0,1,-0.009092603003111566,1.522224058775e-05,-0.0,-0.0,-1.0,0.0,0.0,-1.0090773807625237,
1,-0.00913045,-0.00302988,0.00822276,0.333439,3598.45,0.0,0.0,1.0,1.0,0.0,1,-0.009092603003111566,1.522224058775e-05,-0.04226386547088623,-0.0,-1.0,0.0,0.0,-1.0217565404037896,
2,-0.00913045,-0.00302988,0.00822276,0.333439,3598.45,0.0,0.0,1.0,1.0,0.0,1,-0.009092603003111566,1.522224058775e-05,-0.0,-0.0,-1.0,0.0,0.0,-1.0090773807625237,
3,-0.00913045,-0.00302988,0.00822276,0.333439,3598.45,0.0,0.0,-0.7163028120994568,1.0,0.0,1,-0.009092603003111566,1.522224058775e-05,-1.7163028120994568,-0.0,-1.0,0.0,0.0,-1.523968224392361,
4,-0.00913045,-0.00302988,0.00822276,0.333439,3598.45,0.0,0.0,-0.0031600547954440117,1.0,0.0,1,-0.009092603003111566,1.522224058775e-05,-0.7131427573040128,-0.0,-1.0,0.0,0.0,-1.2230202079537276,
5,-0.00913045,-0.00302988,0.00822276,0.333439,3598.45,0.0,0.0,0.4448987543582916,1.0,0.0,1,-0.009092603003111566,1.522224058775e-05,-0.44805880915373564,-0.0,-1.0,0.0,0.0,-1.1434950235086445,
6,-0.00913045,-0.00302988,0.00822276,0.333439,3598.45,0.0,0.0,1.0,1.0,0.0,1,-0.009092603003111566,1.522224058775e-05,-0.5551012456417084,-0.0,-1.0,0.0,0.0,-1.1756077544550363,
7,-0.00913045,-0.00302988,0.00822276,0.333439,3598.45,0.0,0.0,-0.22148670256137848,1.0,0.0,1,-0.009092603003111566,1.522224058775e-05,-1.2214867025613785,-0.0,-1.0,0.0,0.0,-1.3755233915309373,
8,-0.00913045,-0.00302988,0.00822276,0.333439,3598.45,0.0,0.0,-0.4144916534423828,1.0,0.0,1,-0.009092603003111566,1.522224058775e-05,-0.19300495088100433,-0.0,-1.0,0.0,0.0,-1.0669788660268251,
9,-0.00913045,-0.00302988,0.00822276,0.333439,3598.45,0.0,0.0,-1.0,1.0,0.0,1,-0.009092603003111566,1.522224058775e-05,-0.5855083465576172,-0.0,-1.0,0.0,0.0,-1.184729884729809,
10,-0.00913045,-0.00302988,0.00822276,0.333439,3598.45,0.0,0.0,-0.20871755480766296,1.0,0.0,1,-0.009092603003111566,1.522224058775e-05,-0.791282445192337,-0.0,-1.0,0.0,0.0,-1.246462114320225,
11,-0.00913045,-0.00302988,0.00822276,0.333439,3598.45,0.0,0.0,-0.8190628290176392,1.0,0.0,1,-0.009092603003111566,1.522224058775e-05,-0.6103452742099762,-0.0,-1.0,0.0,0.0,-1.1921809630255167,
12,-0.00913045,-0.00302988,0.00822276,0.333439,3598.45,0.0,0.0,-0.23443502187728882,1.0,0.0,1,-0.009092603003111566,1.522224058775e-05,-0.5846278071403503,-0.0,-1.0,0.0,0.0,-1.184465722904629,
13,-0.00913045,-0.00302988,0.00822276,0.333439,3598.45,0.0,0.0,-1.0,1.0,0.06419253349304199,1,-0.009092603003111566,1.522224058775e-05,-0.7655649781227112,-0.0,-1.0,0.0,0.0,-1.2387468741993373,
14,-0.00913045,-0.00302988,0.00822276,0.333439,3598.45,0.0,0.0,-1.0,1.0,0.0,1,-0.009092603003111566,1.522224058775e-05,-0.0,-0.0,-1.0,0.0,0.0,-1.0090773807625237,
15,-0.00913045,-0.00302988,0.00822276,0.333439,3598.45,0.0,0.0,-0.13769185543060303,1.0,0.0,1,-0.009092603003111566,1.522224058775e-05,-0.862308144569397,-0.0,-1.0,0.0,0.0,-1.2677698241333428,
16,-0.00913045,-0.00302988,0.00822276,0.333439,3598.45,0.0,0.0,-0.6729602813720703,1.0,0.0,1,-0.009092603003111566,1.522224058775e-05,-0.5352684259414673,-0.0,-1.0,0.0,0.0,-1.169657908544964,
17,-0.00913045,-0.00302988,0.00822276,0.333439,3598.45,0.0,0.0,-1.0,1.0,0.0,1,-0.009092603003111566,1.522224058775e-05,-0.3270397186279297,-0.0,-1.0,0.0,0.0,-1.1071892963509027,
18,-0.00913045,-0.00302988,0.00822276,0.333439,3598.45,0.0,0.0,-0.40385597944259644,1.0,0.0,1,-0.009092603003111566,1.522224058775e-05,-0.5961440205574036,-0.0,-1.0,0.0,0.0,-1.187920586929745,
19,-0.00913045,-0.00302988,0.00822276,0.333439,3598.45,0.0,0.0,-1.0,1.0,0.0,1,-0.009092603003111566,1.522224058775e-05,-0.5961440205574036,-0.0,-1.0,0.0,0.0,-1.187920586929745,
20,-0.00913045,-0.00302988,0.00822276,0.333439,3598.45,0.0,0.0,-1.0,1.0,0.0,1,-0.009092603003111566,1.522224058775e-05,-0.0,-0.0,-1.0,0.0,0.0,-1.0090773807625237,
21,-0.00913045,-0.00302988,0.00822276,0.333439,3598.45,0.0,0.0,-1.0,1.0,0.0,1,-0.009092603003111566,1.522224058775e-05,-0.0,-0.0,-1.0,0.0,0.0,-1.0090773807625237,
22,-0.00913045,-0.00302988,0.00822276,0.333439,3598.45,0.0,0.0,-1.0,1.0,0.0,1,-0.009092603003111566,1.522224058775e-05,-0.0,-0.0,-1.0,0.0,0.0,-1.0090773807625237,
23,-0.00913045,-0.00302988,0.00822276,0.333439,3598.45,0.0,0.0,-1.0,1.0,0.17431938648223877,1,-0.009092603003111566,1.522224058775e-05,-0.0,-0.0,-1.0,0.0,0.0,-1.0090773807625237,
24,-0.00913045,-0.00302988,0.00822276,0.333439,3598.45,0.0,0.0,-1.0,1.0,0.0,1,-0.009092603003111566,1.522224058775e-05,-0.0,-0.0,-1.0,0.0,0.0,-1.0090773807625237,
25,-0.00913045,-0.00302988,0.00822276,0.333439,3598.45,0.0,0.0,-1.0,1.0,0.0,1,-0.009092603003111566,1.522224058775e-05,-0.0,-0.0,-1.0,0.0,0.0,-1.0090773807625237,
26,-0.00913045,-0.00302988,0.00822276,0.333439,3598.45,0.0,0.0,-1.0,1.0,0.0,1,-0.009092603003111566,1.522224058775e-05,-0.0,-0.0,-1.0,0.0,0.0,-1.0090773807625237,
27,-0.00913045,-0.00302988,0.00822276,0.333439,3598.45,0.0,0.0,-1.0,1.0,1.0,1,-0.009092603003111566,1.522224058775e-05,-0.0,-0.0,-1.0,0.0,0.0,-1.0090773807625237,
28,-0.00913045,-0.00302988,0.00822276,0.333439,3598.45,0.0,0.0,-1.0,1.0,0.0,1,-0.009092603003111566,1.522224058775e-05,-0.0,-0.0,-1.0,0.0,0.0,-1.0090773807625237,
29,-0.00913045,-0.00302988,0.00822276,0.333439,3598.45,0.0,0.0,-1.0,1.0,0.0,1,-0.009092603003111566,1.522224058775e-05,-0.0,-0.0,-1.0,0.0,0.0,-1.0090773807625237,
30,-0.00913045,-0.00302988,0.00822276,0.333439,3598.45,0.0,0.0,-1.0,1.0,0.0,1,-0.009092603003111566,1.522224058775e-05,-0.0,-0.0,-1.0,0.0,0.0,-1.0090773807625237,
31,-0.00913045,-0.00302988,0.00822276,0.333439,3598.45,0.0,0.0,-1.0,1.0,0.4370685815811157,1,-0.009092603003111566,1.522224058775e-05,-0.0,-0.0,-1.0,0.0,0.0,-1.0090773807625237,
32,-0.00913045,-0.00302988,0.00822276,0.333439,3598.45,0.0,0.0,-1.0,1.0,0.0,1,-0.009092603003111566,1.522224058775e-05,-0.0,-0.0,-1.0,0.0,0.0,-1.0090773807625237,
33,-0.00913045,-0.00302988,0.00822276,0.333439,3598.45,0.0,0.0,-1.0,1.0,0.0,1,-0.009092603003111566,1.522224058775e-05,-0.0,-0.0,-1.0,0.0,0.0,-1.0090773807625237,
34,-0.00913045,-0.00302988,0.00822276,0.333439,3598.45,0.0,0.0,-1.0,1.0,0.0,1,-0.009092603003111566,1.522224058775e-05,-0.0,-0.0,-1.0,0.0,0.0,-1.0090773807625237,
35,-0.00913045,-0.00302988,0.00822276,0.333439,3598.45,0.0,0.0,-1.0,1.0,0.0,1,-0.009092603003111566,1.522224058775e-05,-0.0,-0.0,-1.0,0.0,0.0,-1.0090773807625237,
36,-0.00913045,-0.00302988,0.00822276,0.333439,3598.45,0.0,0.0,-0.5446501970291138,0.1883983612060547,0.5639511346817017,1,-0.009092603003111566,1.522224058775e-05,-0.45534980297088623,-0.0,-1.0,0.0,0.0,-1.1456823216537897,
37,-0.00913045,-0.00302988,0.00822276,0.333439,3598.45,0.0,0.0,-1.0,1.0,0.0,1,-0.009092603003111566,1.522224058775e-05,-0.45534980297088623,-0.0,-1.0,0.0,0.0,-1.1456823216537897,
38,-0.00913045,-0.00302988,0.00822276,0.333439,3598.45,0.0,0.0,-1.0,1.0,0.0,1,-0.009092603003111566,1.522224058775e-05,-0.0,-0.0,-1.0,0.0,0.0,-1.0090773807625237,
39,-0.00913045,-0.00302988,0.00822276,0.333439,3598.45,0.0,0.0,-1.0,1.0,0.00435638427734375,1,-0.009092603003111566,1.522224058775e-05,-0.0,-0.0,-1.0,0.0,0.0,-1.0090773807625237,
40,-0.00913045,-0.00302988,0.00822276,0.333439,3598.45,0.0,0.0,-0.7582878470420837,1.0,1.0,1,-0.009092603003111566,1.522224058775e-05,-0.24171215295791626,-0.0,-1.0,0.0,0.0,-1.0815910266498987,
41,-0.00913045,-0.00302988,0.00822276,0.333439,3598.45,0.0,0.0,-1.0,1.0,0.0,1,-0.009092603003111566,1.522224058775e-05,-0.24171215295791626,-0.0,-1.0,0.0,0.0,-1.0815910266498987,
42,-0.00913045,-0.00302988,0.00822276,0.333439,3598.45,0.0,0.0,-1.0,1.0,0.0,1,-0.009092603003111566,1.522224058775e-05,-0.0,-0.0,-1.0,0.0,0.0,-1.0090773807625237,
43,-0.00913045,-0.00302988,0.00822276,0.333439,3598.45,0.0,0.0,-1.0,1.0,0.0,1,-0.009092603003111566,1.522224058775e-05,-0.0,-0.0,-1.0,0.0,0.0,-1.0090773807625237,
44,-0.00913045,-0.00302988,0.00822276,0.333439,3598.45,0.0,0.0,0.1330815553665161,1.0,0.8835482597351074,1,-0.009092603003111566,1.522224058775e-05,-1.1330815553665161,-0.0,-1.0,0.0,0.0,-1.3490018473724787,
45,-0.00913045,-0.00302988,0.00822276,0.333439,3598.45,0.0,0.0,-1.0,1.0,0.0,1,-0.009092603003111566,1.522224058775e-05,-1.1330815553665161,-0.0,-1.0,0.0,0.0,-1.3490018473724787,
46,-0.00913045,-0.00302988,0.00822276,0.333439,3598.45,0.0,0.0,-1.0,1.0,0.0,1,-0.009092603003111566,1.522224058775e-05,-0.0,-0.0,-1.0,0.0,0.0,-1.0090773807625237,
47,-0.00913045,-0.00302988,0.00822276,0.333439,3598.45,0.0,0.0,-0.8628454804420471,1.0,0.0,1,-0.009092603003111566,1.522224058775e-05,-0.13715451955795288,-0.0,-1.0,0.0,0.0,-1.0502237366299096,
48,-0.0235309,0.0101323,0.00873917,0.33345,3598.45,0.0,0.0,-1.0,1.0,0.0,1,-0.02342718248302229,3.9231893025e-05,-0.13715451955795288,-0.0,-1.0,0.0,0.0,-1.0645343064573831,
49,-0.047977,-0.00871197,0.00869387,0.333439,3598.45,0.0,0.0,-1.0,1.0,0.8415292501449585,1,-0.047766636606298936,7.9987014515e-05,-0.0,-0.0,-1.0,0.0,0.0,-1.047686649591784,
50,-0.021272,0.000292013,0.00890129,0.333452,3598.45,-0.000244141,0.0,0.7974588871002197,1.0,0.0,1,-0.0211764844135363,3.5465954720000004e-05,-1.7974588871002197,-0.0,-1.0,0.0,0.0,-1.560378684588882,
51,-0.0596157,0.00874208,0.00889653,0.333456,3598.45,-0.000244141,0.0,0.8419143557548523,1.0,0.0,1,-0.05934815784291416,9.9396064296e-05,-0.04445546865463257,-0.0,-1.0,0.0,0.0,-1.0725854023750079,
52,0.700837,0.00093375,0.00890559,0.333449,3598.45,0.00170898,0.0,1.0,1.0,0.0,1,0.6976885664164141,-0.001168466984065,-0.1580856442451477,-0.0,-1.0,0.0,0.0,-0.35090559384119524,
53,1.55662,0.0603867,0.0087139,0.333458,3598.46,0.00805664,0.0,0.6369231939315796,1.0,0.0,1,1.5497788720182888,-0.0025953369597999996,-0.3630768060684204,-0.0,-1.0,0.0,0.0,0.4382604932379628,
54,2.44683,0.0403442,0.00844448,0.333498,3598.47,0.0195313,0.0,-0.048480793833732605,1.0,0.0,1,2.4364117790057676,-0.0040800645567,-0.6854039877653122,-0.0,-1.0,0.0,0.0,1.2267105181194737,
55,3.22401,0.162578,0.00810402,0.333548,3598.48,0.0354004,0.0,0.572554349899292,1.0,0.0,1,3.2108405541581417,-0.0053768104374,-0.6210351437330246,-0.0,-1.0,0.0,0.0,2.0191532006008344,
56,4.04344,0.294365,0.00697583,0.333738,3598.5,0.0556641,0.0,0.5221739411354065,1.0,0.0,1,4.029238558401554,-0.0067472478936,-0.0503804087638855,-0.0,-1.0,0.0,0.0,3.007377187878788,
57,4.74768,0.518449,0.00517195,0.334082,3598.53,0.0803223,0.0,0.7882493734359741,1.0,0.0,1,4.735339175083482,-0.0079305721488,-0.2660754323005676,-0.0,-1.0,0.0,0.0,3.647585973244511,
58,5.54077,0.458217,0.00320404,0.334533,3598.56,0.108887,0.0,0.1754632443189621,1.0,0.0,1,5.531865150437604,-0.009267852052050001,-0.612786129117012,-0.0,-1.0,0.0,0.0,4.338761459650451,
59,6.28091,0.623207,0.000916179,0.334998,3598.59,0.14209,0.0,0.8533971905708313,1.0,0.0,1,6.278030145433701,-0.010520461440900002,-0.6779339462518692,-0.0,-1.0,0.0,0.0,5.0641295001172395,
60,7.13779,0.564329,-0.0019458,0.335649,3598.63,0.183105,0.0,-0.0884118527173996,1.0,0.0,1,7.130832136167617,-0.011978960378549999,-0.9418090432882309,-0.0,-1.0,0.0,0.0,5.836310462802597,
61,7.90235,0.729578,-0.00467903,0.336243,3598.67,0.225342,0.0,0.9032790660858154,1.0,0.0,1,7.883775896911374,-0.013285549355250002,-0.991690918803215,-0.0,-1.0,0.0,0.0,6.572983071915159,
62,8.588,1.08354,-0.00959951,0.337155,3598.72,0.27124,0.0,1.0,1.0,0.0,1,8.546384645531733,-0.0144774357,-0.09672093391418457,-0.0,-1.0,0.0,0.0,7.502890929657477,
63,9.42774,1.02663,-0.014778,0.338255,3598.77,0.321289,0.0,-0.46902695298194885,1.0,0.0,1,9.35705152471,-0.015944900968499997,-1.4690269529819489,-0.0,-1.0,0.0,0.0,7.900398537846915,
64,10.0912,1.25736,-0.0197781,0.339433,3598.82,0.375732,0.0,1.0,1.0,0.0,1,9.989440485170661,-0.017126431448,-1.4690269529819489,-0.0,-1.0,0.0,0.0,8.531605967828076,
65,10.8689,1.22625,-0.0255211,0.340852,3598.88,0.433838,0.0,-0.09163805842399597,1.0,0.0,1,10.726682503940774,-0.018523431514000002,-1.091638058423996,-0.0,-1.0,0.0,0.0,9.380667654899575,
66,11.6631,1.18924,-0.0304092,0.342242,3598.94,0.496338,0.0,0.6765867471694946,1.0,0.0,1,11.48040242684579,-0.019958013351,-0.7682248055934906,-0.0,-1.0,0.0,0.0,10.229976971816743,
67,12.3031,1.48509,-0.0365685,0.343832,3599.01,0.562988,0.0,1.0,1.0,0.0,1,12.069971901548715,-0.021150997396000005,-0.32341325283050537,-0.0,-1.0,0.0,0.0,10.951796928303565,
68,12.9693,1.74173,-0.0446995,0.345829,3599.08,0.632813,0.0,1.0,1.0,0.0,1,12.666581436181739,-0.0224258002485,-0.0,-0.0,-1.0,0.0,0.0,11.644155635933238,
69,13.7124,1.8628,-0.0537055,0.348105,3599.15,0.706543,0.0,1.0,1.0,0.0,1,13.32459087869585,-0.02386677501,-0.0,-0.0,-1.0,0.0,0.0,12.30072410368585,
70,14.5259,1.68632,-0.0617769,0.350527,3599.23,0.784668,0.0,-0.3771066665649414,1.0,0.0,1,14.049793398615359,-0.0254586007465,-1.3771066665649414,-0.0,-1.0,0.0,0.0,12.611202797899375,
71,15.1841,1.81672,-0.069156,0.352998,3599.31,0.866699,0.0,1.0,1.0,0.0,1,14.623187684197646,-0.026799784659,-1.3771066665649414,-0.0,-1.0,0.0,0.0,13.183255899569163,
72,16.0299,1.73934,-0.0784639,0.356045,3599.41,0.960938,0.0,-0.41279733180999756,1.0,0.0,1,15.352341463768841,-0.028536828727500005,-1.4127973318099976,-0.0,-1.0,0.0,0.0,13.899965435498341,
73,16.901,1.2834,-0.0839828,0.358672,3599.5,1.05176,0.0,0.16604740917682648,1.0,0.0,1,16.132570027587978,-0.03030957736,-0.578844740986824,-0.0,-1.0,0.0,0.0,14.92860702793193,
74,17.6924,0.701367,-0.08616,0.360931,3599.59,1.14722,0.0,0.046553224325180054,1.0,0.0,1,16.865524527980682,-0.031928678122,-0.11949418485164642,-0.0,-1.0,0.0,0.0,15.797747594403187,
75,18.3986,0.0945249,-0.0856636,0.362718,3599.69,1.24731,0.0,-0.24678023159503937,1.0,0.0,1,17.544052790059016,-0.033367516974,-0.2933334559202194,-0.0,-1.0,0.0,0.0,16.42268523630895,
76,19.0969,-0.0772256,-0.0841087,0.364134,3599.8,1.35107,0.0,-0.03578120470046997,1.0,0.0,1,18.227230315108486,-0.03476915292300001,-0.2109990268945694,-0.0,-1.0,0.0,0.0,17.129161454117114,
77,19.8432,0.237635,-0.0849069,0.36571,3599.91,1.45923,0.0,0.7538140416145325,1.0,0.0,1,18.930315863595297,-0.036284283359999996,-0.7895952463150024,-0.0,-1.0,0.0,0.0,17.657153006340796,
78,20.597,0.459122,-0.0881212,0.36768,3600.02,1.57104,0.0,0.22287951409816742,1.0,0.0,1,19.610738217795692,-0.0378655248,-0.530934527516365,-0.0,-1.0,0.0,0.0,18.41359233474078,
79,20.7646,0.932184,-0.0923384,0.370035,3600.13,1.68555,0.0,0.675005316734314,1.0,0.0,2,19.71881624564742,-0.038418143805000006,-0.45212580263614655,-0.0,-1.0,0.0,0.0,18.544760361051576,
80,20.6065,1.57307,-0.0993345,0.373036,3600.25,1.79932,0.0,0.9687892198562622,1.0,0.0,2,19.483132003983535,-0.038434831669999996,-0.29378390312194824,-0.0,-1.0,0.0,0.0,18.35656200137695,
81,20.4969,2.0021,-0.108804,0.37671,3600.36,1.91162,0.0,0.7130060195922852,0.0,0.0,2,19.262821749728484,-0.038606935995,-0.25578320026397705,-0.0,-1.0,0.0,0.0,18.147479853654293,
82,21.1034,1.65767,-0.116965,0.380593,3600.47,2.02515,0.0,-1.0,1.0,0.0,2,19.727841266056874,-0.040159031581,-1.7130060195922852,-0.0,-1.0,0.0,0.0,18.17378042859819,
83,21.7926,1.00033,-0.120974,0.384167,3600.59,2.14282,0.0,0.014385506510734558,1.0,0.0,2,20.31837402682876,-0.041859988821,-1.0143855065107346,-0.0,-1.0,0.0,0.0,18.97219838605454,
84,22.3964,0.258804,-0.121062,0.387187,3600.71,2.2644,0.0,-0.6568069458007812,1.0,0.0,2,20.880111994847084,-0.043357974634,-0.6711924523115158,-0.0,-1.0,0.0,0.0,19.63539628451963,
85,22.9334,-0.276735,-0.118637,0.389641,3600.84,2.38965,0.0,-0.1837446391582489,1.0,0.0,2,21.415012430487298,-0.044678964546999995,-0.47306230664253235,-0.0,-1.0,0.0,0.0,20.228414773947538,
86,23.5574,-0.382834,-0.116427,0.391847,3600.97,2.51831,0.0,-0.13100774586200714,1.0,0.0,2,22.02965447485656,-0.046154482589,-0.05273689329624176,-0.0,-1.0,0.0,0.0,20.967678924278687,
87,24.2165,-0.0576956,-0.115794,0.39418,3601.1,2.65039,0.0,0.9808892011642456,1.0,0.0,2,22.655399274492606,-0.047728299849999996,-1.1118969470262527,-0.0,-1.0,0.0,0.0,21.27410189053473,
88,24.8612,-0.00518643,-0.116768,0.39687,3601.23,2.78589,0.0,-0.970082700252533,1.0,0.0,2,23.243704090170635,-0.04933332222,-1.9509719014167786,-0.0,-1.0,0.0,0.0,21.6090791975256,
89,25.5091,0.115493,-0.116772,0.399579,3601.37,2.92505,0.0,0.1792667657136917,1.0,0.0,2,23.849388473890144,-0.050964503344500006,-1.1493494659662247,-0.0,-1.0,0.0,0.0,22.45361913075578,
90,26.1558,0.0208771,-0.117667,0.402507,3601.51,3.06763,0.0,-0.27538180351257324,1.0,0.0,2,24.43964974195633,-0.052639462953,-0.45464856922626495,-0.0,-1.0,0.0,0.0,23.25061570823545,
91,26.7572,-0.48252,-0.115147,0.405141,3601.66,3.21411,0.0,-1.0,1.0,0.0,2,25.042907608777284,-0.054202193826,-0.7246181964874268,-0.0,-1.0,0.0,0.0,23.771319956005055,
92,27.2718,-0.779763,-0.110286,0.407309,3601.81,3.36377,0.0,1.0,1.0,0.0,2,25.6053123939179,-0.055540247931,-2.0,-0.0,-1.0,0.0,0.0,23.9497721459869,
93,27.8997,-0.332888,-0.108389,0.409571,3601.96,3.5166,0.0,1.0,1.0,0.0,2,26.22692362987635,-0.0571345401435,-0.0,-0.0,-1.0,0.0,0.0,25.16978908973285,
94,28.411,0.307152,-0.110531,0.412425,3602.12,3.67236,0.0,0.7518385052680969,1.0,0.0,2,26.670673613077962,-0.05858703337500001,-0.24816149473190308,-0.0,-1.0,0.0,0.0,25.53763813128339,
95,28.946,0.69681,-0.115397,0.415948,3602.28,3.83032,0.0,0.05519092082977295,1.0,0.0,2,27.087048023126055,-0.060200154039999995,-0.696647584438324,-0.0,-1.0,0.0,0.0,25.817853593754556,
96,29.5477,0.303494,-0.117815,0.419585,3602.44,3.99146,0.0,-0.3227383494377136,1.0,0.0,2,27.606313245120685,-0.061988858522499996,-0.3779292702674866,-0.0,-1.0,0.0,0.0,26.430945605517937,
97,30.1538,-0.357387,-0.115341,0.423083,3602.62,4.17285,0.0,-0.5961501002311707,1.0,0.0,2,28.21831451952289,-0.063787800827,-0.27341175079345703,-0.0,-1.0,0.0,0.0,27.072503193457855,
98,30.6499,-0.769407,-0.109989,0.425677,3602.79,4.34131,0.0,0.4884290099143982,1.0,0.0,2,28.78251260084287,-0.0652347874115,-1.0845791101455688,-0.0,-1.0,0.0,0.0,27.3919040803877,
99,31.2243,-1.05853,-0.104234,0.427921,3602.96,4.5127,0.0,-0.3916235566139221,1.0,0.0,2,29.43046005708045,-0.0668076684015,-0.8800525665283203,-0.0,-1.0,0.0,0.0,28.099636618720453,
100,31.7067,-1.48286,-0.0961779,0.429677,3603.13,4.6875,0.0,-0.7119385600090027,1.0,0.0,2,30.037774226131834,-0.0681181986795,-0.32031500339508057,-0.0,-1.0,0.0,0.0,28.87356152643381,
101,32.1629,-1.89702,-0.0855292,0.4308,3603.31,4.86523,0.0,-0.9155880808830261,1.0,0.0,2,30.671574736750216,-0.0692788866,-0.20364952087402344,-0.0,-1.0,0.0,0.0,29.54120099388801,
102,32.5659,-2.26813,-0.0722502,0.431249,3603.49,5.04565,0.0,-1.0,1.0,0.0,2,31.305515346376147,-0.0702200590455,-0.08441191911697388,-0.0,-1.0,0.0,0.0,30.209971711595554,
103,32.959,-2.50688,-0.0573733,0.430997,3603.68,5.22803,0.0,0.12247063219547272,1.0,0.0,2,31.95980470595489,-0.07102615061500002,-1.1224706321954727,-0.0,-1.0,0.0,0.0,30.552037365681247,
104,33.4723,-2.68542,-0.0417455,0.430153,3603.86,5.41333,0.0,-1.0,1.0,0.0,2,32.7446823245905,-0.0719910513095,-1.1224706321954727,-0.0,-1.0,0.0,0.0,31.335950083622357,
105,33.9707,-2.75514,-0.0245541,0.428661,3604.05,5.60107,0.0,1.0,1.0,0.0,2,33.54344190612457,-0.07280957116350001,-2.0,-0.0,-1.0,0.0,0.0,31.870632334961066,
106,34.6261,-2.2498,-0.0107582,0.426904,3604.24,5.79199,0.0,0.931918203830719,1.0,0.0,2,34.43784256486734,-0.07391010297200001,-0.068081796169281,-0.0,-1.0,0.0,0.0,33.343507923044555,
107,35.319,-1.52244,-0.00305587,0.425405,3604.43,5.98657,0.0,0.6765639185905457,1.0,0.0,2,35.26487003741315,-0.07512439597500001,-0.25535428524017334,-0.0,-1.0,0.0,0.0,34.11313935586609,
108,35.9208,-0.841945,-0.000265423,0.424402,3604.63,6.18481,0.0,0.021812021732330322,1.0,0.0,2,35.916031631507934,-0.07622429680800001,-0.6547518968582153,-0.0,-1.0,0.0,0.0,34.64338176564247,
109,36.5016,-0.212058,-0.000819031,0.423948,3604.83,6.38599,0.0,0.5005385279655457,1.0,0.0,2,36.48663978784549,-0.07737390158400001,-0.47872650623321533,-0.0,-1.0,0.0,0.0,35.26564793439153,
110,37.0055,0.373156,-0.00460464,0.424135,3605.04,6.59058,0.0,0.3510778248310089,1.0,0.0,2,36.91990949057228,-0.07847663871249999,-0.14946070313453674,-0.0,-1.0,0.0,0.0,35.796594640919416,
111,37.5832,0.461659,-0.00937873,0.424842,3605.24,6.79761,0.0,-1.0,1.0,0.0,2,37.40530833318388,-0.07983460927199999,-1.351077824831009,-0.0,-1.0,0.0,0.0,35.92015037646258,
112,38.157,-0.0258006,-0.0100187,0.425391,3605.46,7.0083,0.0,-0.6834806203842163,1.0,0.0,2,37.96394645364312,-0.081158221935,-0.3165193796157837,-0.0,-1.0,0.0,0.0,36.78783241782338,
113,38.7167,-0.250015,-0.00725967,0.425494,3605.67,7.22192,0.0,0.496060311794281,1.0,0.0,2,38.57514576675351,-0.082368617749,-1.1795409321784973,-0.0,-1.0,0.0,0.0,37.13891486935096,
114,39.2794,0.199728,-0.0075391,0.425728,3605.89,7.43872,0.0,0.9239048957824707,1.0,0.0,2,39.13021946380559,-0.083611702016,-0.4278445839881897,-0.0,-1.0,0.0,0.0,37.918254386593134,
115,39.7967,0.693491,-0.0120447,0.426513,3606.11,7.65845,0.0,0.4043694734573364,1.0,0.0,2,39.55414942450827,-0.0848690495355,-0.5195354223251343,-0.0,-1.0,0.0,0.0,38.31341974827523,
116,40.2644,1.15165,-0.0197514,0.427952,3606.33,7.88086,0.0,1.0,1.0,0.0,2,39.85893304448046,-0.086156152544,-0.5956305265426636,-0.0,-1.0,0.0,0.0,38.59408773397366,
117,40.3126,1.56352,-0.0297373,0.430143,3606.55,8.10474,0.0,-0.6992409825325012,1.0,0.0,3,39.69547135354796,-0.08670091350900001,-1.6992409825325012,-0.0,-1.0,0.0,0.0,38.09899814527921,
118,40.2094,1.94407,-0.0413182,0.433063,3606.78,8.32788,0.0,1.0,1.0,0.0,3,39.344628588873576,-0.087066016961,-1.6992409825325012,-0.0,-1.0,0.0,0.0,37.74779027715282,
119,40.1538,2.07325,-0.0546206,0.436737,3607.0,8.55029,0.0,-0.5723543167114258,1.0,0.0,3,38.997850135550074,-0.08768325075299999,-1.5723543167114258,-0.0,-1.0,0.0,0.0,37.438460589783645,
120,40.5428,2.15764,-0.0677202,0.440922,3607.22,8.77344,0.0,1.0,1.0,0.0,3,39.07813613285847,-0.089381062308,-1.5723543167114258,-0.0,-1.0,0.0,0.0,37.51704877553704,
121,40.9534,2.14587,-0.0822375,0.445758,3607.45,8.99829,0.0,-0.692394495010376,1.0,0.0,3,39.13293881557353,-0.091276528386,-1.692394495010376,-0.0,-1.0,0.0,0.0,37.53394393868442,
122,41.5342,1.52781,-0.0924795,0.450782,3607.67,9.22583,0.0,-0.10074810683727264,1.0,0.0,3,39.43892214698249,-0.093614348722,-0.5916463881731033,-0.0,-1.0,0.0,0.0,38.16781388180856,
123,42.0781,1.32283,-0.0985563,0.455699,3607.9,9.45654,0.0,0.28434544801712036,1.0,0.0,3,39.80373009508743,-0.09587474045950001,-0.385093554854393,-0.0,-1.0,0.0,0.0,38.59232728817161,
124,42.6155,0.913921,-0.103672,0.460728,3608.14,9.69019,0.0,-0.6949030756950378,1.0,0.0,3,40.18162968645497,-0.09817077042000001,-0.9792485237121582,-0.0,-1.0,0.0,0.0,38.78968435892132,
125,43.1263,0.799745,-0.106222,0.465579,3608.37,9.92676,0.0,0.5793691277503967,1.0,0.0,3,40.59705315836999,-0.1003934981385,-1.2742722034454346,-0.0,-1.0,0.0,0.0,39.114377999197856,
126,43.6331,0.630788,-0.10894,0.469925,0.157995,10.157,0.0,-0.3584204316139221,1.0,0.0,3,41.00244214406925,-0.10252142258750001,-0.9377895593643188,-0.0,-1.0,0.0,0.0,39.618583853672455,
127,44.1375,0.634693,-0.10945,0.474856,0.404688,10.4037,0.0,0.4301597476005554,1.0,0.0,3,41.46279051681516,-0.1047947835,-0.7885801792144775,-0.0,-1.0,0.0,0.0,40.12142167955082,
128,44.6245,0.773432,-0.112213,0.480064,0.654057,10.653,0.0,0.1780363917350769,1.0,0.0,3,41.84537080848333,-0.10711307984,-0.2521233558654785,-0.0,-1.0,0.0,0.0,40.66262072188369,
129,45.118,0.910906,-0.115916,0.485568,0.906101,10.9051,0.0,0.22161318361759186,1.0,0.0,3,42.20612780672187,-0.10953928512000001,-0.043576791882514954,-0.0,-1.0,0.0,0.0,41.083515484037115,
130,45.6431,0.729276,-0.118948,0.491247,1.16098,11.16,0.0,0.10552321374416351,1.0,0.0,3,42.612405938646766,-0.11211017972849999,-0.11608996987342834,-0.0,-1.0,0.0,0.0,41.46546876795624,
131,46.0608,0.268194,-0.118776,0.496765,1.41887,11.4179,0.0,-0.5890964865684509,1.0,0.0,3,43.007243472442326,-0.11440696656,-0.6946197003126144,-0.0,-1.0,0.0,0.0,41.68445059578855,
132,46.5119,0.174089,-0.115333,0.501897,1.67931,11.6783,0.0,0.4809308648109436,1.0,0.0,3,43.52666287809678,-0.1167209153715,-1.0700273513793945,-0.0,-1.0,0.0,0.0,42.08893375731146,
133,47.0533,-0.0418231,-0.112965,0.506958,1.9429,11.9419,0.0,-1.0,1.0,0.0,3,44.10135428179462,-0.11927023430700001,-1.4809308648109436,-0.0,-1.0,0.0,0.0,42.53780478804433,
134,47.5634,-0.181133,-0.108716,0.511653,2.20969,12.2087,0.0,-0.04728560522198677,1.0,0.0,3,44.702235486708304,-0.121679781501,-0.9527143947780132,-0.0,-1.0,0.0,0.0,43.2947413867739,
135,48.075,0.174771,-0.10693,0.516385,2.47938,12.4784,0.0,1.0,1.0,0.0,3,45.2349819371637,-0.12412604437500001,-1.0472856052219868,-0.0,-1.0,0.0,0.0,43.79667021122211,
136,48.5638,0.283152,-0.108048,0.521474,2.75169,12.7507,0.0,-0.08610525727272034,1.0,0.0,3,45.66209090767295,-0.126623795206,-1.0861052572727203,-0.0,-1.0,0.0,0.0,44.20963553528513,
137,49.0658,0.443033,-0.108379,0.526624,3.02687,13.0259,0.0,0.2509433925151825,1.0,0.0,3,46.12426924554143,-0.12919613929600002,-0.33704864978790283,-0.0,-1.0,0.0,0.0,44.89395851130906,
138,49.5628,0.345157,-0.109933,0.532036,3.30482,13.3038,0.0,-0.12498500943183899,1.0,0.0,3,46.5448020633972,-0.131845969304,-0.3759284019470215,-0.0,-1.0,0.0,0.0,45.30017757350909,
139,50.0641,0.404838,-0.10959,0.537356,3.58576,13.5848,0.0,1.0,1.0,0.0,3,47.02599206774047,-0.134511222598,-1.124985009431839,-0.0,-1.0,0.0,0.0,45.55398534231291,
140,50.5602,0.313676,-0.110779,0.542887,3.86936,13.8683,0.0,-1.0,1.0,0.0,3,47.45550033135896,-0.137242376487,-2.0,-0.0,-1.0,0.0,0.0,45.71825795487196,
141,51.0385,-0.244581,-0.107409,0.548037,4.15607,14.1551,0.0,-0.2414146065711975,1.0,0.0,3,48.00864535015393,-0.1398549321225,-0.7585853934288025,-0.0,-1.0,0.0,0.0,46.641214800002786,
142,51.5324,-0.211044,-0.102036,0.552719,4.44593,14.4449,0.0,0.009000137448310852,1.0,0.0,3,48.63985154618936,-0.142414682978,-0.25041474401950836,-0.0,-1.0,0.0,0.0,47.42231244000551,
143,52.0273,-0.471995,-0.0973776,0.557238,4.7387,14.7377,0.0,-0.7995855808258057,1.0,0.0,3,49.25167778415516,-0.144957942987,-0.8085857182741165,-0.0,-1.0,0.0,0.0,47.86414412568593,
144,52.5084,-0.502819,-0.0904517,0.561256,5.03463,15.0336,0.0,1.0,1.0,0.0,3,49.92224721697281,-0.147353272752,-1.7995855808258057,-0.0,-1.0,0.0,0.0,48.235018269973075,
145,53.0096,-0.622248,-0.084761,0.565091,5.33358,15.3326,0.0,-1.0,1.0,0.0,3,50.57540791283582,-0.149776239368,-2.0,-0.0,-1.0,0.0,0.0,48.82563167346782,
146,53.4379,-0.989715,-0.0758345,0.568309,5.63547,15.6345,0.0,-0.5639699697494507,1.0,0.0,3,51.26003969393355,-0.1518461975555,-0.4360300302505493,-0.0,-1.0,0.0,0.0,49.977384487302885,
147,53.9088,-1.10664,-0.0632282,0.571009,5.97064,15.9696,0.0,0.5726434588432312,1.0,0.0,3,52.09793459349083,-0.153912049896,-1.1366134285926819,-0.0,-1.0,0.0,0.0,50.60303851501702,
148,54.4572,-1.1086,-0.0510815,0.573079,6.3093,16.3083,0.0,-0.2822253406047821,1.0,0.0,3,52.995894391070095,-0.15604138859400002,-0.8548687994480133,-0.0,-1.0,0.0,0.0,51.583392362641696,
149,54.9499,-1.31709,-0.0375471,0.574361,6.65143,16.6504,0.0,-0.9449524283409119,1.0,0.0,3,53.87980846351833,-0.1578053975695,-0.6627270877361298,-0.0,-1.0,0.0,0.0,52.523184939627996,
150,55.3635,-1.43405,-0.0219447,0.574631,6.9965,16.9955,0.0,0.3925365209579468,1.0,0.0,3,54.74275089450069,-0.1590679168425,-1.3374889492988586,-0.0,-1.0,0.0,0.0,53.18243629286853,
151,55.9425,-0.823429,-0.0106301,0.574371,7.34467,17.3437,0.0,1.0,1.0,0.0,3,55.64200772090224,-0.16065874833750002,-0.6074634790420532,-0.0,-1.0,0.0,0.0,54.29910992885213,
152,56.4851,-0.0883337,-0.00736434,0.574435,7.69627,17.6953,0.0,1.0,1.0,0.0,3,56.27558245379618,-0.1622350920925,-0.0,-0.0,-1.0,0.0,0.0,55.11334736170368,
153,56.9289,0.510815,-0.010148,0.57516,8.05089,18.0499,0.0,1.0,1.0,0.0,3,56.63711642111791,-0.16371613062,-0.0,-0.0,-1.0,0.0,0.0,55.473400290497906,
154,57.2555,0.93371,-0.0172026,0.576686,8.40783,18.4068,0.0,-0.2740557789802551,1.0,0.0,3,56.75458097167138,-0.165092226365,-1.2740557789802551,-0.0,-1.0,0.0,0.0,55.207272011612304,
155,57.6416,1.20692,-0.02736,0.579051,8.76682,18.7658,0.0,0.7521336078643799,1.0,0.0,3,56.83158825853213,-0.16688713060799998,-1.026189386844635,-0.0,-1.0,0.0,0.0,55.356844311870745,
156,58.0206,1.30454,-0.0403316,0.582301,9.12808,19.1271,0.0,-0.8319080471992493,1.0,0.0,3,56.803702502886345,-0.16892726700299998,-1.5840416550636292,-0.0,-1.0,0.0,0.0,55.159562739364254,
157,58.5994,0.700969,-0.0510035,0.58608,9.49204,19.491,0.0,-1.0,1.0,0.0,3,57.029458113822066,-0.17171968176000002,-0.16809195280075073,-0.0,-1.0,0.0,0.0,55.80731084622184,
158,59.1839,0.240587,-0.0539655,0.589645,9.86003,19.859,0.0,0.027194298803806305,1.0,0.0,3,57.50157164411556,-0.1744874535775,-1.0271942988038063,-0.0,-1.0,0.0,0.0,56.01892590089692,
159,59.7172,0.559109,-0.0559437,0.593318,10.2314,20.2304,0.0,0.5239511132240295,1.0,0.0,3,57.95424659264213,-0.177156448348,-0.49675681442022324,-0.0,-1.0,0.0,0.0,56.62806309996806,
160,60.22,0.935297,-0.0624404,0.597677,10.6059,20.6048,0.0,1.0,1.0,0.0,3,58.22378615635398,-0.1799605447,-0.47604888677597046,-0.0,-1.0,0.0,0.0,56.90101094562119,
161,60.6182,1.14792,-0.0723617,0.602862,10.9828,20.9818,0.0,-0.4119088649749756,1.0,0.0,3,58.26825978052469,-0.18273023748599998,-1.4119088649749756,-0.0,-1.0,0.0,0.0,56.661956883546196,
162,61.0721,1.25367,-0.0842462,0.608887,11.3621,21.361,0.0,1.0,1.0,0.0,3,58.28599673296277,-0.1860090175325,-1.4119088649749756,-0.0,-1.0,0.0,0.0,56.67641505593778,
163,61.5014,1.24316,-0.098345,0.615807,11.7437,21.7427,0.0,-1.0,1.0,0.0,3,58.18492178007281,-0.18961482439799998,-2.0,-0.0,-1.0,0.0,0.0,56.39530695567481,
164,62.0232,0.680973,-0.110339,0.623365,12.1278,22.1267,0.0,-0.9385744333267212,1.0,0.0,3,58.23117617708654,-0.193861383565,-0.06142556667327881,-8.572931525463787,-1.0,0.0,0.0,54.87565424215361,
165,62.6692,-0.042313,-0.113147,0.63076,12.5158,22.5148,0.0,-1.0,1.0,0.0,3,58.73061865931102,-0.19859230056000002,-0.06142556667327881,-11.649156879673264,-1.0,0.0,0.0,54.60130946883072,
166,63.1428,-0.587273,-0.107685,0.637512,12.9081,22.9071,0.0,-1.0,1.0,0.0,3,59.383850449954714,-0.202678613712,-0.0,-10.607189220263173,-1.0,0.0,0.0,55.52937453117692,
167,63.5643,-0.963781,-0.0966763,0.643323,13.3037,23.3027,0.0,-1.0,1.0,0.0,3,60.1996888636847,-0.2063387631735,-0.0,-5.798039951421472,-1.0,0.0,0.0,57.54384011265583,
168,63.9262,-1.17278,-0.081552,0.648056,13.7026,23.7015,0.0,-0.9068175554275513,1.0,0.0,3,61.10997355078628,-0.20944816647199999,-0.09318244457244873,-0.0,-1.0,0.0,0.0,59.87257065094254,
169,64.2258,-1.26006,-0.0634712,0.651596,14.1039,24.1028,0.0,-1.0,1.0,0.0,3,62.059597582924155,-0.21190851910000003,-0.09318244457244873,-0.0,-1.0,0.0,0.0,60.81973433045242,
170,64.5227,-1.23116,-0.0428513,0.653875,14.5075,24.5064,0.0,-1.0,1.0,0.0,3,63.081451933997585,-0.21385141793749998,-0.0,-0.0,-1.0,0.0,0.0,61.86760051606009,
171,64.8133,-1.11894,-0.0197921,0.654808,14.9131,24.9121,0.0,1.0,1.0,0.0,3,64.15925206447447,-0.21520525359599998,-2.0,-0.0,-1.0,0.0,0.0,62.344046810878474,
172,65.2292,-0.67029,0.00419144,0.654429,15.3209,25.3199,0.0,0.7917769551277161,1.0,0.0,3,65.09192528326864,-0.21640191667500006,-0.20822304487228394,-0.0,-1.0,0.0,0.0,63.81305645313195,
173,65.7846,-0.258379,0.0248115,0.653086,15.7317,25.7307,0.0,-0.28930363059043884,1.0,0.0,3,64.94832862246672,-0.21763312977400004,-1.081080585718155,-0.0,-1.0,0.0,0.0,63.40637131697727,
174,66.3751,0.368995,0.0406278,0.650917,16.1459,26.1449,0.0,0.07985508441925049,1.0,0.0,3,64.97236131995983,-0.2186159457225,-0.36915871500968933,-0.0,-1.0,0.0,0.0,63.64299775973441,
175,66.9438,0.906291,0.0460926,0.648628,16.5639,26.5628,0.0,1.0,1.0,0.0,3,65.33043994121628,-0.219472797916,-0.9201449155807495,-0.0,-1.0,0.0,0.0,63.83492366862606,
176,67.5019,1.13708,0.0434109,0.646586,16.9853,26.9843,0.0,0.3430330455303192,1.0,0.0,3,65.97360713689184,-0.220399172963,-0.6569669544696808,-0.0,-1.0,0.0,0.0,64.55611787758794,
177,68.0273,1.2215,0.0360578,0.645002,17.4103,27.4093,0.0,0.4097084403038025,1.0,0.0,3,66.75688979592698,-0.22141390277700002,-0.06667539477348328,-0.0,-1.0,0.0,0.0,65.51547327471793,
178,68.5815,1.24847,0.0255969,0.644063,17.8386,27.8376,0.0,0.59084153175354,1.0,0.0,3,67.68139283031391,-0.22279558114150005,-0.18113309144973755,-0.0,-1.0,0.0,0.0,66.40425732173749,
179,69.0714,1.22039,0.0124809,0.643921,18.2703,28.2693,0.0,1.0,1.0,0.0,3,68.63499491732466,-0.22431167903799998,-0.40915846824645996,-0.0,-1.0,0.0,0.0,67.28793569781273,
180,69.4596,1.12333,-0.00250147,0.644702,18.7047,28.7037,0.0,-1.0,1.0,0.0,3,69.37250722132003,-0.225901984,-2.0,-0.0,-1.0,0.0,0.0,67.54660523732004,
181,69.8985,0.73735,-0.0182535,0.64637,19.1414,29.1404,0.0,-0.38740548491477966,1.0,0.0,3,69.24894486432473,-0.22805164412499998,-0.6125945150852203,-0.0,-1.0,0.0,0.0,67.83711486567415,
182,70.4338,0.493767,-0.0323923,0.648694,19.5813,29.5803,0.0,0.41286641359329224,1.0,0.0,3,69.25629459922814,-0.23082102292200002,-0.8002718985080719,-0.0,-1.0,0.0,0.0,67.78539200675372,
183,70.9933,-0.0600135,-0.0454949,0.651751,20.0244,30.0234,0.0,-0.8837337493896484,1.0,0.0,3,69.3054826937336,-0.2340279373425,-1.2966001629829407,-0.0,-1.0,0.0,0.0,67.68247470749621,
184,71.618,-0.837566,-0.0493314,0.654714,20.4714,30.4704,0.0,-0.7168697118759155,1.0,0.0,3,69.7650816556167,-0.237440158056,-0.1668640375137329,-0.0,-1.0,0.0,0.0,68.47758228630657,
185,72.1924,-0.861809,-0.0445279,0.657204,20.9223,30.9213,0.0,0.0642862617969513,1.0,0.0,3,70.51408576656989,-0.24049796786400005,-0.7811559736728668,-0.0,-1.0,0.0,0.0,69.03924100660403,
186,72.8474,-0.884094,-0.0382459,0.659485,21.3771,31.3761,0.0,-1.0,1.0,0.0,3,71.4014101710357,-0.24374730316999998,-1.0642862617969513,-0.0,-1.0,0.0,0.0,69.83837698932662,
187,73.4889,-0.63804,-0.0284128,0.661125,21.8361,31.8351,0.0,0.3690085709095001,1.0,0.0,3,72.41536642627125,-0.2466630106875,-1.3690085709095001,-0.0,-1.0,0.0,0.0,70.7580008443109,
188,74.1693,-0.00121997,-0.023775,0.662786,22.2993,32.2983,0.0,0.15381434559822083,1.0,0.0,3,73.26673437210464,-0.24973395014500002,-0.2151942253112793,-0.0,-1.0,0.0,0.0,71.95244215436625,
189,74.8378,-0.178587,-0.021678,0.664515,22.7668,32.7658,0.0,-0.36604633927345276,1.0,0.0,3,74.00911282927459,-0.25281638856,-0.5198606848716736,-0.0,-1.0,0.0,0.0,72.60033823525308,
190,75.4902,-0.57372,-0.0140501,0.66552,23.2385,33.2375,0.0,-0.547797679901123,1.0,0.0,3,74.952444057801,-0.25549405992,-0.1817513406276703,-0.0,-1.0,0.0,0.0,73.6424245956927,
191,76.0564,-0.765187,-0.00119019,0.665466,23.7142,33.7132,0.0,-0.9894514679908752,1.0,0.0,3,76.01108535840231,-0.25735053856800005,-0.4416537880897522,-0.0,-1.0,0.0,0.0,74.62123868340738,
192,76.4982,-0.793167,0.0153007,0.664172,24.1929,34.1919,0.0,-0.6469112634658813,1.0,0.0,3,75.90403045407484,-0.25815785803599994,-0.3425402045249939,-0.0,-1.0,0.0,0.0,74.54311053468135,
193,76.9262,-0.677901,0.0346467,0.66154,24.6741,34.673,0.0,-0.9132905602455139,1.0,0.0,3,75.54768085943971,-0.25823596334000004,-0.26637929677963257,-0.0,-1.0,0.0,0.0,74.20953110706581,
194,77.3465,-0.402958,0.056552,0.657486,25.1574,35.1564,0.0,0.47317975759506226,1.0,0.0,3,75.03696685214481,-0.25757584469100003,-1.3864703178405762,-0.0,-1.0,0.0,0.0,73.36344991210164,
195,77.7943,-0.0194571,0.0804761,0.65196,25.6428,35.6418,0.0,-0.7297424077987671,1.0,0.0,3,74.41560913266461,-0.25629370073999996,-1.2029221653938293,-0.0,-1.0,0.0,0.0,72.79843878230646,
196,78.2549,0.514551,0.106077,0.6449,26.1301,36.1291,0.0,-0.20409992337226868,1.0,0.0,3,73.67229466143284,-0.25434893505000006,-0.5256424844264984,-0.0,-1.0,0.0,0.0,72.26025298105489,
197,78.5657,1.38921,0.128801,0.636531,26.6193,36.6183,0.0,0.38196122646331787,0.28521108627319336,0.0,3,72.86921761637028,-0.2513820318945,-0.5860611498355865,-0.22683608176335213,-1.0,0.0,0.0,71.38530821908428,
198,78.9068,2.07685,0.139068,0.627579,27.1094,37.1083,0.0,0.5195044875144958,1.0,0.0,3,72.67596666491508,-0.24836185442700004,-0.13754326105117798,-1.9743517093079959,-1.0,0.0,0.0,70.89275390484572,
199,79.5424,2.26434,0.137797,0.618604,27.6028,37.6018,0.0,0.6590119004249573,1.0,0.0,3,73.32539310872104,-0.24637234286400003,-0.13950741291046143,-2.173755188293498,-1.0,0.0,0.0,71.49372974491052,
200,80.0856,2.04814,0.12839,0.609912,28.1001,38.0991,0.0,1.0,1.0,0.0,3,74.29945857868186,-0.24432409008,-0.3409880995750427,-0.8781458053347109,-1.0,0.0,0.0,72.73330160739567,
201,80.1755,1.71921,0.11432,0.601822,28.5998,38.5988,0.0,0.08912444114685059,1.0,0.0,4,75.07930514664928,-0.24126021848899998,-0.9108755588531494,-0.0,-1.0,0.0,0.0,73.56478226050433,
202,79.9391,1.3888,0.0975455,0.594673,29.0988,39.0978,0.0,0.7321568131446838,1.0,0.0,4,75.66641654571151,-0.2376881220715,-0.6430323719978333,-0.0,-1.0,0.0,0.0,74.23581871204065,
203,79.7341,0.964363,0.0783577,0.588618,29.5968,39.5958,0.0,0.5509907603263855,1.0,0.0,3,76.36874977594063,-0.23466463236899998,-0.18116605281829834,-0.0,-1.0,0.0,0.0,75.07973532772614,
204,79.5131,0.506957,0.0571524,0.583748,30.0939,40.0929,0.0,1.0,1.0,0.0,3,77.11232920005507,-0.232078065494,-0.4490092396736145,-0.0,-1.0,0.0,0.0,75.745548362659,
205,79.2673,-0.0461507,0.0339321,0.580182,30.5898,40.5888,0.0,-0.019797414541244507,1.0,0.0,3,77.87707577713992,-0.229947303243,-1.0197974145412445,-0.0,-1.0,0.0,0.0,76.34118924953455,
206,79.6176,-1.14501,0.0104594,0.577736,31.0859,41.0849,0.0,0.0816439539194107,1.0,0.0,3,79.19687642396445,-0.229989768768,-0.10144136846065521,-0.0,-1.0,0.0,0.0,77.93645424465826,
207,80.3131,-2.74777,-0.0056871,0.575457,31.586,41.5849,0.0,-0.44806647300720215,1.0,0.0,3,80.08342813147966,-0.23108367793350001,-0.5297104269266129,-8.706273509783301,-1.0,0.0,0.0,76.51686294802235,
208,80.7367,-3.29897,-0.00907828,0.572896,32.09,42.089,0.0,-0.24281048774719238,0.0,0.0,4,80.36690290790547,-0.231268662416,-0.20525598526000977,-12.023522224554327,-1.0,0.0,0.0,76.06817689377289,
209,80.611,-3.01735,-0.00274092,0.570234,32.5854,42.5844,0.0,-1.0,1.0,0.0,4,80.50022318664487,-0.22983566487000004,-0.7571895122528076,-9.04068213008972,-1.0,0.0,0.0,76.78306013557662,
210,80.445,-2.60497,0.0120932,0.567106,33.0774,43.0764,0.0,-1.0,1.0,0.0,4,79.95271083162248,-0.22810421085,-0.0,-0.0,-1.0,0.0,0.0,78.72460662077248,
211,80.4798,-2.08654,0.0319883,0.563015,33.5684,43.5674,0.0,-0.5208467245101929,1.0,0.0,4,79.15164149762656,-0.226556672985,-0.47915327548980713,-0.0,-1.0,0.0,0.0,77.78133884199461,
212,80.791,-1.35111,0.0542156,0.557839,34.0604,44.0594,0.0,-0.4270321726799011,1.0,0.0,4,78.4832997848529,-0.225341853245,-0.09381455183029175,-0.0,-1.0,0.0,0.0,77.22981356605882,
213,81.2678,-0.208925,0.0746052,0.551753,34.5542,44.5532,0.0,0.9379584193229675,1.0,0.0,4,78.01305037160124,-0.22419876226700003,-1.3649905920028687,-0.0,-1.0,0.0,0.0,76.37935443173339,
214,81.785,0.856779,0.0844464,0.545542,35.0513,45.0503,0.0,1.0,1.0,0.0,4,78.04443927817455,-0.22308576234999997,-0.06204158067703247,-0.0,-1.0,0.0,0.0,76.80274104162145,
215,82.2247,1.2812,0.0827806,0.539641,35.5513,45.5503,0.0,0.48878878355026245,1.0,0.0,4,78.5437138129496,-0.2218590966635,-0.5112112164497375,-0.0,-1.0,0.0,0.0,77.1684913513512,
216,82.6332,1.34609,0.073499,0.534368,36.0543,46.0533,0.0,0.6620080471038818,1.0,0.0,4,79.37610852908483,-0.220782689088,-0.17321926355361938,-0.0,-1.0,0.0,0.0,78.10336006093075,
217,82.9486,1.16305,0.0599226,0.529968,36.5597,46.5587,0.0,0.05726698040962219,1.0,0.0,4,80.31596118893499,-0.219800518224,-0.6047410666942596,-0.0,-1.0,0.0,0.0,78.9147383507027,
218,83.335,0.926131,0.0445411,0.526514,37.0675,47.0665,0.0,0.8296061158180237,1.0,0.0,4,81.39704642943701,-0.21938522095,-0.7723391354084015,-0.0,-1.0,0.0,0.0,79.94595946786448,
219,83.649,0.656806,0.0267264,0.524197,37.5778,47.5767,0.0,1.0,1.0,0.0,4,82.5014412736245,-0.21924277426500002,-0.17039388418197632,-0.0,-1.0,0.0,0.0,81.2310803341049,
220,83.8805,0.311806,0.00726071,0.523146,38.0897,48.0887,0.0,0.2457204908132553,1.0,0.0,4,83.57377569039068,-0.219408740265,-0.7542795091867447,-2.6967085142606777,-1.0,0.0,0.0,81.45390596880449,
221,84.1313,-0.176261,-0.0128889,0.52338,38.6031,48.6021,0.0,0.2723188102245331,1.0,0.0,4,83.58214704858601,-0.22016319896999997,-0.02659831941127777,-13.526722244729768,-1.0,0.0,0.0,78.97232379261018,
222,84.6123,-1.17033,-0.0286661,0.524479,39.1187,49.1177,0.0,-0.9964112639427185,1.0,0.0,4,83.36495126336995,-0.22188687245850003,-1.2687300741672516,-19.969490655108444,-1.0,0.0,0.0,76.77007270488417,
223,85.1093,-1.81873,-0.0326444,0.525588,39.6375,49.6365,0.0,-1.0,1.0,0.0,4,83.67503107303168,-0.22366213384200004,-0.003588736057281494,-21.803527751333775,-1.0,0.0,0.0,76.99941038053905,
224,85.5195,-1.88431,-0.0258789,0.526298,40.1591,50.1581,0.0,-1.0,1.0,0.0,4,84.38441286385941,-0.225043709055,-0.0,-20.070527509975364,-1.0,0.0,0.0,78.14173727731057,
225,85.819,-1.66318,-0.0123938,0.526245,40.683,50.6819,0.0,-1.0,1.0,0.0,4,85.28061076949827,-0.22580909827499998,-0.0,-15.215849928632792,-1.0,0.0,0.0,80.25083918906508,
226,86.0432,-1.29237,0.00481464,0.525168,41.2082,51.2072,0.0,-0.8303954005241394,1.0,0.0,4,85.83507001264097,-0.225935676288,-0.1696045994758606,-6.568585184953548,-1.0,0.0,0.0,82.91610666027182,
227,86.2715,-0.810575,0.0242386,0.522921,41.7346,51.7336,0.0,0.034736037254333496,1.0,0.0,4,85.20071075342474,-0.22556589525749998,-0.8651314377784729,-0.0,-1.0,0.0,0.0,83.7156054268337,
228,86.5398,-0.300744,0.0449759,0.519428,42.2623,52.2613,0.0,-0.8574090003967285,1.0,0.0,4,84.50684037783861,-0.224755976172,-0.892145037651062,-0.0,-1.0,0.0,0.0,83.01444089037129,
229,86.802,0.255567,0.066916,0.514578,42.7913,52.7902,0.0,1.0,1.0,0.0,4,83.70567922782973,-0.22333199778,-1.8574090003967285,-0.0,-1.0,0.0,0.0,81.92512452993073,
230,87.1383,1.11664,0.0878156,0.508465,43.3215,53.3205,0.0,0.12590119242668152,1.0,0.0,4,82.98139343028615,-0.22153387854749998,-0.8740988075733185,-0.0,-1.0,0.0,0.0,81.49762990946665,
231,87.6002,2.11878,0.0989131,0.501852,43.8542,53.8532,0.0,0.469151109457016,1.0,0.0,4,82.84667523379515,-0.219811677852,-0.3432499170303345,-0.0,-1.0,0.0,0.0,81.52388858083405,
232,88.1028,2.32722,0.0973401,0.495324,44.3899,54.3889,0.0,0.32097128033638,1.0,0.0,4,83.40453885662524,-0.218197156536,-0.148179829120636,-0.0,-1.0,0.0,0.0,82.14188775135305,
233,88.671,1.57895,0.0898748,0.488934,44.9289,54.9279,0.0,-0.4230916500091553,1.0,0.0,4,84.33383984554452,-0.21677133357000003,-0.7440629303455353,-0.0,-1.0,0.0,0.0,82.89384963287087,
234,89.2423,1.20802,0.0842593,0.482299,45.4713,55.4703,0.0,1.0,1.0,0.0,4,85.17039410169521,-0.21520736023849998,-1.4230916500091553,-0.0,-1.0,0.0,0.0,83.52825924645397,
235,89.8,0.692733,0.0761529,0.476009,46.0173,56.0163,0.0,-0.6499605178833008,1.0,0.0,4,86.12377755401424,-0.213728041,-1.6499605178833008,-0.0,-1.0,0.0,0.0,84.41506135764925,
236,90.3643,-0.100715,0.0744127,0.469393,46.5665,56.5655,0.0,-0.9432729482650757,1.0,0.0,4,86.75520675636798,-0.2120818493495,-0.2933124303817749,-0.0,-1.0,0.0,0.0,85.45513117790395,
237,90.8768,-0.311001,0.0792865,0.462062,47.1187,57.1176,0.0,0.5265880823135376,1.0,0.0,4,86.99242966129466,-0.209953579808,-1.4698610305786133,-0.0,-1.0,0.0,0.0,85.34151777231308,
238,91.449,0.317376,0.0816333,0.454573,47.6741,57.6731,0.0,1.0,1.0,0.0,4,87.41596381795826,-0.207851231385,-0.4734119176864624,-0.17947386997126102,-1.0,0.0,0.0,86.02122054377449,
239,91.963,0.665772,0.0763803,0.447674,48.2332,58.2322,0.0,0.5311393737792969,1.0,0.0,4,88.18620973080114,-0.20584722031,-0.4688606262207031,-0.0,-1.0,0.0,0.0,86.83970432262493,
240,92.3627,0.575877,0.0659741,0.441607,48.7954,58.7944,0.0,-0.307841420173645,1.0,0.0,4,89.11720152882599,-0.20394007429450003,-0.8389807939529419,-0.0,-1.0,0.0,0.0,87.66156721634562,
241,92.893,-0.274344,0.0585517,0.43591,49.3605,59.3594,0.0,-0.25307467579841614,1.0,0.0,4,90.01584496685047,-0.20246493815000002,-0.05476674437522888,-0.0,-1.0,0.0,0.0,88.7969500053879,
242,93.486,-0.335981,0.0579265,0.429949,49.929,59.928,0.0,0.08779245615005493,1.0,0.0,4,90.6230542840858,-0.20097106107,-0.34086713194847107,-0.0,-1.0,0.0,0.0,89.31982308343125,
243,94.0821,-0.566559,0.0582079,0.424042,50.5012,60.5002,0.0,-0.6614655256271362,1.0,0.0,4,91.18614763457298,-0.199473809241,-0.7492579817771912,-0.0,-1.0,0.0,0.0,89.76189643079881,
244,94.6686,-0.339453,0.0629177,0.417676,51.0769,61.0758,0.0,0.895919919013977,1.0,0.0,4,91.50508173219212,-0.197704010868,-1.5573854446411133,-0.0,-1.0,0.0,0.0,89.8401620879318,
245,95.2535,0.292258,0.0621884,0.411598,51.6562,61.6552,0.0,1.0,1.0,0.0,4,92.10944514711596,-0.19603075046500001,-0.10408008098602295,-0.0,-1.0,0.0,0.0,90.88219037235515,
246,95.7059,0.384835,0.055314,0.406242,52.2391,62.2381,0.0,-0.5162041187286377,1.0,0.0,4,92.91393609048428,-0.194398781139,-1.5162041187286377,-0.0,-1.0,0.0,0.0,91.26467607372669,
247,96.2062,0.358583,0.0463636,0.401558,52.8249,62.8239,0.0,1.0,1.0,0.0,4,93.87338293462174,-0.193161846298,-1.5162041187286377,-0.0,-1.0,0.0,0.0,92.22535985270515,
248,96.6654,0.0707018,0.0342677,0.397804,53.414,63.413,0.0,-0.7303571701049805,1.0,0.0,4,94.9527233258549,-0.192269413908,-1.7303571701049805,-0.0,-1.0,0.0,0.0,93.24134676091542,
249,97.1794,-0.125364,0.0225054,0.394852,54.0062,64.0051,0.0,1.0,1.0,0.0,4,96.06135236861368,-0.191857402244,-1.7303571701049805,-0.0,-1.0,0.0,0.0,94.3503878153382,
250,97.6479,-0.475932,0.00873727,0.392971,54.6016,64.6006,0.0,-1.0,1.0,0.0,4,97.21759020285924,-0.19186396455450003,-2.0,-4.951802994786249,-1.0,0.0,0.0,94.18777548960819,
251,98.1969,-0.854498,-0.00282814,0.391916,55.2,65.199,0.0,0.13500522077083588,1.0,0.0,4,98.05765018712692,-0.192424681302,-1.1350052207708359,-13.114868994622611,-1.0,0.0,0.0,93.24600669093802,
252,98.7587,-1.47796,-0.00994581,0.391409,55.8021,65.8011,0.0,-0.5896466970443726,1.0,0.0,4,98.2627059413574,-0.19327522004150002,-0.7246519178152084,-17.520561173461147,-1.0,0.0,0.0,92.47189485260604,
253,98.777,-1.70285,-0.00649126,0.390659,56.4062,66.4052,0.0,-1.0,0.0,0.0,4,98.45432760786264,-0.192940620215,-0.41035330295562744,-15.672776280624575,-1.0,0.0,0.0,93.22008692660481,
254,98.975,-1.48839,0.00528543,0.389179,57.0101,67.0091,0.0,-0.6326675415039062,1.0,0.0,4,98.71205603248569,-0.192594957625,-0.36733245849609375,-8.507732991429435,-1.0,0.0,0.0,95.2823280894545,
255,99.3797,-0.87295,0.0220626,0.386686,57.6163,67.6153,0.0,0.035748183727264404,1.0,0.0,4,98.25931568428987,-0.19214369337099999,-0.6684157252311707,-0.0,-1.0,0.0,0.0,96.86664727334953,
256,99.9403,0.420251,0.0364174,0.383503,58.225,68.224,0.0,0.8507210612297058,1.0,0.0,4,98.0546548343014,-0.19163702435449997,-0.8149728775024414,-0.0,-1.0,0.0,0.0,96.61852594669617,
257,100.534,0.789651,0.0430213,0.380204,58.8375,68.8364,0.0,-0.0717729777097702,1.0,0.0,4,98.2790939015927,-0.19111714468000002,-0.922494038939476,-0.0,-1.0,0.0,0.0,96.81122854523085,
258,100.716,0.693053,0.0482308,0.376301,59.4525,69.4515,0.0,-0.07000654935836792,1.0,0.0,5,98.17101433641395,-0.18949765758,-0.0017664283514022827,-0.23221026255029642,-1.0,0.0,0.0,96.92293418469094,
259,100.572,0.31227,0.0547008,0.37159,60.067,70.066,0.0,-0.48367640376091003,1.0,0.0,5,97.67225999753788,-0.18685774739999997,-0.4136698544025421,-2.8884619805363627,-1.0,0.0,0.0,95.63918579868303,
260,100.429,0.313989,0.0649415,0.365779,60.6801,70.6791,0.0,1.0,1.0,0.0,5,96.95858658907656,-0.18367409595500003,-1.48367640376091,-6.7088463509582255,-1.0,0.0,0.0,93.65259798425373,
261,100.575,0.333139,0.0755928,0.359033,61.2927,71.2917,0.0,-1.0,1.0,0.0,5,96.49002676823417,-0.180548719875,-2.0,-10.553402591378116,-1.0,0.0,0.0,92.07112740051464,
262,100.972,0.642597,0.0887937,0.351107,61.9067,71.9057,0.0,0.0670546293258667,1.0,0.0,5,96.0972632513763,-0.17725988001999998,-1.0670546293258667,-15.000981627527509,-1.0,0.0,0.0,90.84964157567667,
263,101.48,1.5263,0.0957211,0.342711,62.5235,72.5224,0.0,0.6603379845619202,1.0,0.0,5,96.16597303364905,-0.1738915614,-0.5932833552360535,-17.573308967639534,-1.0,0.0,0.0,90.42076922376835,
264,101.938,1.73972,0.0914444,0.334645,63.1435,73.1424,0.0,0.6329892873764038,1.0,0.0,5,96.85775351142394,-0.17056521005,-0.027348697185516357,-17.191573526667227,-1.0,0.0,0.0,91.38109031055147,
265,102.304,1.44377,0.0793235,0.327296,63.7662,73.7652,0.0,0.8895906209945679,1.0,0.0,5,97.92900737481837,-0.16741844992,-0.25660133361816406,-14.45154186705986,-1.0,0.0,0.0,93.07172305804795,
266,102.545,0.900845,0.0627041,0.320971,64.391,74.39,0.0,1.0,1.0,0.0,5,99.13058302256984,-0.164569855975,-0.11040937900543213,-9.604864428762525,-1.0,0.0,0.0,95.53167424570258,
267,102.712,0.246041,0.0437109,0.315873,65.0173,75.0163,0.0,-0.838676929473877,1.0,0.0,5,100.3697904434903,-0.16221973788000002,-1.838676929473877,-2.530756246490924,-1.0,0.0,0.0,98.02327856514542,
268,102.885,-0.464216,0.0234187,0.312108,65.6452,75.6442,0.0,0.5795930624008179,1.0,0.0,5,101.65218203612798,-0.1605561579,-1.4182699918746948,-0.0,-1.0,0.0,0.0,100.06614488066558,
269,103.081,-1.19278,0.00223005,0.309782,66.2744,76.2734,0.0,0.5488901138305664,1.0,0.0,5,102.9658058861018,-0.15966319171,-0.030702948570251465,-9.109506450094145,-1.0,0.0,0.0,99.5195551972972,
270,103.299,-2.00892,-0.0191179,0.308931,66.9051,76.9041,0.0,-1.0,1.0,0.0,5,102.29275316024703,-0.15956131684500002,-1.5488901138305664,-21.30597590648337,-1.0,0.0,0.0,95.34203083263202,
271,103.704,-3.23828,-0.0343586,0.309058,67.5377,77.5367,0.0,-0.6027868390083313,1.0,0.0,5,101.86158241949242,-0.16025275415999998,-0.3972131609916687,-27.93428573367852,-1.0,0.0,0.0,93.5985942836153,
272,104.149,-3.63495,-0.0356093,0.30926,68.1734,78.1724,0.0,-1.0,1.0,0.0,5,102.22903072498637,-0.1610455987,-0.3972131609916687,-28.839462755372082,-1.0,0.0,0.0,93.73895548914585,
273,104.53,-3.10214,-0.0245393,0.30914,68.8115,78.8105,0.0,-1.0,1.0,0.0,5,103.21611098731383,-0.16157202100000004,-0.0,-24.93281412009594,-1.0,0.0,0.0,95.82133543628984,
274,104.801,-2.17364,-0.00610793,0.308246,69.4514,79.4504,0.0,-1.0,1.0,0.0,5,104.47898851473064,-0.16152244523000003,-0.0,-16.03230281456193,-1.0,0.0,0.0,99.30939036586015,
275,104.987,-1.11438,0.0157768,0.306225,70.0924,80.0914,0.0,0.8160901069641113,1.0,0.0,5,104.1457891548981,-0.160748220375,-1.8160901069641113,-0.0,-1.0,0.0,0.0,102.44021390243387,
276,105.185,0.0520584,0.0387483,0.302912,70.7344,80.7333,0.0,1.0,1.0,0.0,5,103.068685829957,-0.1593089936,-0.18390989303588867,-3.254694398574472,-1.0,0.0,0.0,101.04053026880261,
277,105.614,1.62791,0.0565436,0.298707,71.3779,81.3769,0.0,0.2787970304489136,1.0,0.0,5,102.46090449742029,-0.15773820549,-0.7212029695510864,-11.25324544600123,-1.0,0.0,0.0,98.27349403956464,
278,106.087,1.84818,0.0648911,0.294118,72.0247,82.0236,0.0,-1.0,1.0,0.0,5,102.42408397829472,-0.15601048132999998,-1.2787970304489136,-14.841774371477385,-1.0,0.0,0.0,97.1739907949607,
279,106.535,1.93003,0.071942,0.288542,72.6735,82.6725,0.0,0.7352538704872131,1.0,0.0,5,102.4305592011857,-0.15369910985000002,-1.7352538704872131,-17.765410612642796,-1.0,0.0,0.0,96.31493127702885,
280,107.077,1.82368,0.0726977,0.282605,73.3255,83.3244,0.0,0.06033593416213989,1.0,0.0,5,102.90547756576413,-0.15130247792499998,-0.6749179363250732,-18.74566920508896,-1.0,0.0,0.0,96.86528240566936,
281,107.597,1.70148,0.0679958,0.27662,73.9807,83.9797,0.0,0.250178724527359,1.0,0.0,5,103.69310839156594,-0.14881741069999996,-0.18984279036521912,-17.991062696716355,-1.0,0.0,0.0,97.98957246957728,
282,108.122,0.803001,0.0602927,0.270885,74.6391,84.6381,0.0,-0.07081708312034607,1.0,0.0,5,104.66802726032512,-0.14644313985000001,-0.3209958076477051,-16.12480004260999,-1.0,0.0,0.0,99.3940853675283,
283,108.643,0.595309,0.055462,0.265048,75.3007,85.2997,0.0,0.7982608079910278,1.0,0.0,5,105.46471337493804,-0.14397804932,-0.8690778911113739,-15.114026948864662,-1.0,0.0,0.0,100.28150522106847,
284,109.147,0.121819,0.0477994,0.259746,75.9655,85.9645,0.0,-0.9161945581436157,1.0,0.0,5,106.41474782385083,-0.14175248331,-1.7144553661346436,-12.8367762436407,-1.0,0.0,0.0,101.54946466979025,
285,109.687,-0.383665,0.0453648,0.254374,76.6336,86.6326,0.0,-0.050236672163009644,1.0,0.0,5,107.08704220775898,-0.13950760469,-0.8659578859806061,-12.576522707382395,-1.0,0.0,0.0,102.5436165604292,
286,110.196,-0.695013,0.0486025,0.248617,77.3049,87.3039,0.0,-0.47242146730422974,1.0,0.0,5,107.38902657859919,-0.13698299466,-0.4221847951412201,-14.636359983934625,-1.0,0.0,0.0,102.46629814941315,
287,110.67,-0.412531,0.0576175,0.242076,77.9787,87.9777,0.0,0.8849942684173584,1.0,0.0,5,107.29985039145464,-0.1339527546,-1.3574157357215881,-18.777105824226,-1.0,0.0,0.0,101.06439646008167,
288,111.175,-0.156791,0.0673905,0.234868,78.6554,88.6544,0.0,-0.5683425068855286,1.0,0.0,5,107.17941142259103,-0.1305572495,-1.453336775302887,-22.85361414130776,-1.0,0.0,0.0,99.89944960517323,
289,111.65,0.345191,0.079966,0.226626,79.3345,89.3335,0.0,0.895703911781311,1.0,0.0,5,106.83386799975769,-0.1265139645,-1.4640464186668396,-27.374793681652733,-1.0,0.0,0.0,98.42444168924445,
290,112.2,1.31575,0.086135,0.218025,80.0167,90.0157,0.0,1.0,1.0,0.0,5,106.95783746598737,-0.122312025,-0.10429608821868896,-29.88559785796899,-1.0,0.0,0.0,98.3328371500295,
291,112.69,1.52616,0.081437,0.209837,80.7024,90.7014,0.0,1.0,1.0,0.0,5,107.73302971967853,-0.11823265765,-0.0,-29.3985022346218,-1.0,0.0,0.0,99.26517150337308,
292,113.092,1.14292,0.0688807,0.202454,81.391,91.39,0.0,0.8754101395606995,1.0,0.0,5,108.93197184091427,-0.11447963884,-0.12458986043930054,-26.403980066447474,-1.0,0.0,0.0,101.17912022733063,
293,113.381,0.429934,0.0516578,0.196166,82.0823,92.0813,0.0,0.22276324033737183,1.0,0.0,5,110.30254921707245,-0.11120748623,-0.6526468992233276,-21.02807692769005,-1.0,0.0,0.0,103.73852842915294,
294,113.629,-0.561018,0.0329738,0.191117,82.7753,92.7742,0.0,-0.5358501076698303,1.0,0.0,5,111.6941823129394,-0.108582167965,-0.7586133480072021,-13.479815280402804,-1.0,0.0,0.0,106.98806232047154,
295,114.107,-1.64056,0.0198528,0.186801,83.4707,93.4697,0.0,0.03982613980770111,1.0,0.0,5,112.95191671108014,-0.106576508535,-0.5756762474775314,-7.097340622913862,-1.0,0.0,0.0,109.89830217257342,
296,114.676,-2.29131,0.0152336,0.182774,84.1696,94.1686,0.0,-0.24038946628570557,1.0,0.0,5,113.78926387960179,-0.10479895612,-0.2802156060934067,-4.992652129869768,-1.0,0.0,0.0,111.35223720918631,
297,115.21,-2.204,0.0215838,0.178401,84.8719,94.8709,0.0,-0.712411105632782,1.0,0.0,5,113.93992688766124,-0.10276789604999999,-0.4720216393470764,-9.591524343512688,-1.0,0.0,0.0,110.29767141392895,
298,115.679,-1.49982,0.035672,0.173266,85.577,95.576,0.0,-0.35571980476379395,1.0,0.0,5,113.54259443368076,-0.10021618807,-0.35669130086898804,-17.55795638549293,-1.0,0.0,0.0,107.94588175897684,
299,116.197,-0.177634,0.0512382,0.167309,86.2848,96.2838,0.0,0.5920659899711609,1.0,0.0,5,113.06894410685116,-0.097204019365,-0.9477857947349548,-24.807643945807342,-1.0,0.0,0.0,105.48549336261385,
300,116.792,0.809911,0.0589327,0.161207,86.9958,96.9948,0.0,0.02683977782726288,1.0,0.0,5,113.14980345503054,-0.09413843972,-0.565226212143898,-28.393447975659683,-1.0,0.0,0.0,104.78773515775245,
301,117.014,0.55031,0.063745,0.154697,87.7096,97.7086,0.0,-0.40637630224227905,0.24126243591308594,0.0,5,113.04933823258077,-0.09050857378999999,-0.43321608006954193,-30.457142386059317,-1.0,0.0,0.0,104.21457923825507,
302,117.314,0.678162,0.0714768,0.147205,88.4239,98.4229,0.0,0.17241846024990082,1.0,0.0,5,112.82540727883196,-0.08634603684999999,-0.5787947624921799,-33.41734929212012,-1.0,0.0,0.0,103.21108549020428,
303,117.868,0.811918,0.0774584,0.139132,89.141,99.14,0.0,-0.08534038066864014,1.0,0.0,5,112.95421439124792,-0.08199605288,-0.25775884091854095,-35.97065938383591,-1.0,0.0,0.0,102.80222584013339,
304,118.427,0.792773,0.0845376,0.130249,89.8613,99.8602,0.0,-0.133278489112854,1.0,0.0,5,113.00426948537887,-0.07712499161500001,-0.04793810844421387,-38.72811669540157,-1.0,0.0,0.0,102.23073388738021,
305,119.001,1.36752,0.0895626,0.120759,90.5847,100.584,0.0,1.0,1.0,0.0,5,113.2021401959111,-0.071852208795,-1.133278489112854,-40.88828144533696,-1.0,0.0,5.0,106.56823407904801,
306,119.539,1.53449,0.0847755,0.111604,91.3118,101.311,0.0,1.0,1.0,0.0,5,114.04877853991107,-0.06670515278,-0.0,-40.56049153092343,-1.0,0.0,0.0,102.84195050440022,
307,119.983,1.06699,0.0720566,0.103254,92.0422,102.041,0.0,1.0,1.0,0.0,5,115.3526059363961,-0.06194362341000001,-0.0,-37.876337663743755,-1.0,0.0,0.0,104.82157789705016,
308,120.289,0.250715,0.054517,0.0960298,92.7753,102.774,0.0,0.9272584319114685,1.0,0.0,5,116.83301485863575,-0.057756643061,-0.0727415680885315,-32.90345428447563,-1.0,0.0,0.0,107.52757217402929,
309,120.496,-0.716234,0.0345025,0.0901643,93.5105,103.509,0.0,-0.4176712930202484,1.0,0.0,5,118.34599231802022,-0.054322187464000006,-1.344929724931717,-25.386934186061936,-1.0,0.0,0.0,110.54145766656123,
310,120.7,-1.82527,0.0136551,0.0857762,94.2469,104.246,0.0,0.009620395489037037,1.0,0.0,5,119.86468753270384,-0.0517659367,-0.42729168850928545,-14.623665221690487,-1.0,0.0,0.0,115.02881778402843,
311,120.998,-2.73032,-0.00628497,0.0828165,94.9854,104.984,0.0,0.4256666898727417,1.0,0.0,5,120.6153783492979,-0.050103154335000004,-0.41604629438370466,-18.90225669989958,-1.0,0.0,0.0,114.71489713167288,
312,121.299,-3.68588,-0.0258198,0.0814262,95.7263,105.725,0.0,-0.6416515707969666,1.0,0.0,5,119.69278555308878,-0.049384583169000004,-1.0673182606697083,-30.131295191773106,-1.0,0.0,0.0,110.79038169377559,
313,121.701,-4.80597,-0.0365706,0.0809373,96.4693,106.468,0.0,-1.0,1.0,0.0,5,119.39478377936385,-0.0492507517365,-0.35834842920303345,-35.22386776262755,-1.0,0.0,0.0,109.43206155820955,
314,122.205,-4.616,-0.0319789,0.0804678,97.2152,107.214,0.0,-1.0,1.0,0.0,5,120.18886113775449,-0.049167837495000005,-0.0,-33.78340082875677,-1.0,0.0,0.0,110.69384309307029,
315,122.629,-3.3771,-0.0156013,0.0795473,97.9639,107.963,0.0,-0.7487187385559082,1.0,0.019780397415161133,5,121.65752921523564,-0.0487740292585,-0.2512812614440918,-26.078205078363013,-1.0,0.0,0.0,114.01381953795317,
316,122.886,-1.77921,0.00699084,0.0776909,98.7142,108.713,0.0,-1.0,1.0,0.0,5,122.45346249611633,-0.047735619687,-0.2512812614440918,-12.725542484610202,-1.0,0.0,0.0,118.14895687684356,
317,123.09,-0.0987995,0.0323593,0.074508,99.4657,109.465,0.0,-1.0,1.0,0.0,5,121.03435478907262,-0.04585594860000001,-0.0,-27.684641659915144,-1.0,0.0,0.0,113.06733842549383,
318,123.249,1.57545,0.058873,0.0697756,100.218,110.217,0.0,-1.0,1.0,0.0,5,119.40954556461504,-0.042998864622,-0.0,-38.38235637601778,-1.0,0.0,0.0,108.7709576059886,
319,123.375,3.21122,0.0857461,0.0633651,100.971,110.97,0.0,0.2823842167854309,1.0,0.0,5,117.63874381368949,-0.0390883460625,-1.282384216785431,-46.368652209704166,-1.0,0.0,0.0,104.62277715016532,
320,123.492,4.80736,0.112246,0.0552199,101.724,111.723,0.0,1.0,1.0,0.0,5,115.79867134678292,-0.034096079454,-0.7176157832145691,-52.530489305821575,-1.0,0.0,0.0,101.41666820590916,
321,123.721,6.60368,0.134888,0.0455609,102.478,112.477,0.0,1.0,1.0,0.0,5,114.27820926873409,-0.028184200544500004,-0.0,-57.05713872569336,-1.0,0.0,0.0,98.98574038676625,
322,124.111,7.60506,0.143046,0.0352995,103.234,113.233,0.0,1.0,1.0,0.0,5,113.99682532995318,-0.0219052812225,-0.0,-59.040232369673106,-1.0,0.0,0.0,98.2148619563124,
323,124.575,6.77237,0.134171,0.024936,103.993,113.992,0.0,1.0,1.0,0.0,5,115.12326581113031,-0.015532011000000002,-0.0,-58.45772237909368,-1.0,0.0,0.0,99.49330320535688,
324,124.978,4.74442,0.112336,0.0148657,104.754,114.753,0.0,1.0,1.0,0.0,5,117.18524724089832,-0.009289427273,-0.0,-55.40355641616672,-1.0,0.0,0.0,102.32506870958363,
325,125.274,2.39453,0.0841398,0.00568016,105.517,115.516,0.0,0.19983994960784912,1.0,0.0,5,119.56677416012205,-0.0035578818192,-0.8001600503921509,-49.99888857530664,-1.0,0.0,0.0,105.82344611935854,
326,125.516,0.0995466,0.0539694,-0.00216428,106.282,116.281,0.0,1.0,1.0,0.0,5,121.94788175838372,-0.0013582588424000002,-0.8001600503921509,-41.95351080777931,-1.0,0.0,0.0,110.21809778247884,
327,125.701,-2.09624,0.0232822,-0.0084095,107.049,117.048,0.0,0.17910784482955933,1.0,0.0,5,124.20376702902506,-0.0052854127975,-0.8208921551704407,-29.7006250007324,-1.0,0.0,0.0,115.52705771949331,
328,125.836,-4.15932,-0.00706865,-0.012913,107.817,117.816,0.0,1.0,1.0,0.0,5,125.38811464704646,-0.00812460134,-0.8208921551704407,-18.208308396026624,-1.0,0.0,0.0,119.58164530014868,
329,125.925,-6.09235,-0.0368357,-0.0155834,108.587,118.586,0.0,-1.0,1.0,0.0,5,123.52083450158428,-0.009811698225,-2.0,-35.132806502981765,-1.0,0.0,0.0,113.12782117761384,
330,125.993,-7.90951,-0.0655754,-0.0163856,109.358,119.357,0.0,-1.0,1.0,0.0,5,121.59414305916214,-0.010322354504,-0.0,-45.332823952584874,-1.0,0.0,0.0,109.25061471651192,
331,126.123,-9.80024,-0.0910274,-0.0154616,110.13,120.129,0.0,-0.9688045978546143,1.0,0.0,5,119.86843360795082,-0.009750316884000002,-0.031195402145385742,-52.10663424214884,-1.0,0.0,0.0,105.822666109886,
332,126.431,-11.1324,-0.103124,-0.0136922,110.904,120.903,0.0,-1.0,1.0,0.0,5,119.25183972120863,-0.008655592691,-0.031195402145385742,-55.088300303394746,-1.0,0.0,0.0,104.46175043202533,
333,126.906,-10.4382,-0.096939,-0.0116523,111.681,121.68,0.0,-1.0,1.0,0.0,5,120.1687470705969,-0.007393733919000001,-0.0,-54.33813934529971,-1.0,0.0,0.0,105.57681850035297,
334,127.463,-7.95009,-0.0745903,-0.00960199,112.461,122.46,0.0,-1.0,1.0,0.0,5,122.3592357582984,-0.006119492256849999,-0.0,-49.60593095678465,-1.0,0.0,0.0,108.9516335268454,
335,127.89,-4.72706,-0.0421518,-0.00806419,113.242,123.241,0.0,-1.0,1.0,0.0,5,125.08180225586955,-0.0051566462955,-0.0,-39.59951580153158,-1.0,0.0,0.0,114.17676665919114,
336,128.172,-1.53964,-0.00623459,-0.0077126,114.025,124.024,0.0,-1.0,1.0,0.0,5,127.76996163172134,-0.004942696836,-0.0,-19.578961549093762,-1.0,0.0,0.0,121.8702785476119,
337,128.358,1.47464,0.0301138,-0.00893807,114.809,124.808,0.0,-0.7187379598617554,1.0,0.0,5,126.3674227738436,-0.0057363639453,-0.28126204013824463,-35.71186030708026,-1.0,0.0,0.0,116.34934272108676,
338,128.489,4.30678,0.0656248,-0.0119157,115.594,125.593,0.0,0.7094377875328064,1.0,0.0,5,123.99941601588463,-0.007655181886500001,-1.4281757473945618,-48.97417119429862,-1.0,0.0,0.0,110.3197653112051,
339,128.663,7.15592,0.0975751,-0.0165514,116.38,126.379,0.0,1.0,1.0,0.0,5,121.7837954202391,-0.010647763891000002,-0.2905622124671936,-57.248682107857405,-1.0,0.0,0.0,106.37380846564359,
340,128.971,9.32264,0.115793,-0.0220149,117.168,127.167,0.0,1.0,1.0,0.0,5,120.65704836900017,-0.014196418339500002,-0.0,-61.30429917899056,-1.0,0.0,0.0,104.31677715591303,
341,129.404,9.35656,0.115286,-0.0277514,117.959,127.958,0.0,1.0,1.0,0.0,5,121.10228421688888,-0.017955710828,-0.0,-61.84474600767115,-1.0,0.0,0.0,104.62314200414309,
342,129.92,7.45307,0.0979544,-0.0335174,118.752,128.751,0.0,1.0,1.0,0.0,5,122.9442558815681,-0.02177290304,-0.0,-59.203744443020724,-1.0,0.0,0.0,107.1215468677729,
343,130.333,4.60691,0.069399,-0.0388288,119.548,129.547,0.0,1.0,1.0,0.0,5,125.50040907870928,-0.025303369952,-0.0,-52.972265773908276,-1.0,0.0,0.0,111.2320392652802,
344,130.623,1.65705,0.0364286,-0.0430246,120.345,130.344,0.0,0.45676302909851074,1.0,0.0,5,128.1576580964106,-0.028100011629000003,-0.5432369709014893,-42.32150737388409,-1.0,0.0,0.0,116.38621015004011,
345,130.87,-1.23219,0.00323533,-0.0457623,121.144,131.143,0.0,-0.14801228046417236,1.0,0.0,5,130.65761161966202,-0.029944561005,-0.6047753095626831,-28.899863195149138,-1.0,0.0,0.0,122.22126866700091,
346,131.234,-3.87882,-0.0241841,-0.0472628,121.945,131.944,0.0,0.11349530518054962,1.0,0.0,5,129.60889100336695,-0.031012431476000003,-0.261507585644722,-23.034118299510155,-1.0,0.0,0.0,122.74089672131998,
347,131.586,-5.19173,-0.0463825,-0.0473792,122.748,132.747,0.0,0.25526875257492065,1.0,0.0,5,128.39393274927562,-0.03117219705600001,-0.14177344739437103,-43.236738542984995,-1.0,0.0,0.0,116.51104388225505,
348,131.931,-6.47887,-0.0651958,-0.0458808,123.554,133.553,0.0,-0.929182231426239,1.0,0.0,5,127.3530859194571,-0.030265499124000006,-1.1844509840011597,-49.99463444721265,-1.0,0.0,0.0,113.46882651332959,
349,132.031,-7.00718,-0.0700345,-0.0436647,124.362,134.361,0.0,-1.0,0.0,0.0,5,127.0877534487971,-0.028825470028500003,-0.07081776857376099,-51.60100559492747,-1.0,0.0,0.0,113.13743124946461,
350,132.277,-5.78944,-0.0577845,-0.0413881,125.17,135.169,0.0,-1.0,1.0,0.0,5,128.2365681306262,-0.027373468518499998,-0.0,-48.18953125465126,-1.0,0.0,0.0,115.1618118484449,
351,132.701,-3.6158,-0.0340784,-0.0396895,125.98,135.979,0.0,-1.0,1.0,0.0,5,130.36327089238694,-0.026334181697500004,-0.0,-39.43181537828262,-1.0,0.0,0.0,119.47898286611877,
352,132.981,-1.1666,-0.0051637,-0.0391521,126.793,136.792,0.0,-0.8554441928863525,1.0,0.0,5,132.635891645625,-0.0260324270505,-0.14455580711364746,-31.329099870194256,-1.0,0.0,0.0,123.73421750889187,
353,133.199,1.28038,0.0253698,-0.0401548,127.606,137.605,0.0,0.05889350175857544,1.0,0.0,5,131.4667023252549,-0.026742896026000003,-0.914337694644928,-40.269478318243785,-1.0,0.0,0.0,120.09828854127444,
354,133.424,3.74651,0.0548195,-0.0427987,128.421,138.42,0.0,0.05553019046783447,1.0,0.0,5,129.5682817509573,-0.028551868744000005,-0.003363311290740967,-51.85877211458305,-1.0,0.0,0.0,115.57402786018034,
355,133.724,5.50422,0.0801677,-0.0469773,129.237,139.236,0.0,-0.59209144115448,1.0,0.0,5,127.94008428241396,-0.031409962326,-0.6476216316223145,-59.48957132973945,-1.0,0.0,0.0,111.8419949981664,
356,133.985,6.94357,0.104096,-0.0530186,130.055,140.054,0.0,0.4032207727432251,1.0,0.0,5,126.29866235819057,-0.035518485605000004,-0.9953122138977051,-65.22091635163021,-1.0,0.0,0.0,108.65932112050871,
357,134.314,8.48728,0.121107,-0.0605159,130.875,140.874,0.0,0.34990155696868896,1.0,0.0,5,125.21690199626181,-0.040640662963,-0.05331921577453613,-68.91113767731566,-1.0,0.0,0.0,106.93248114923753,
358,134.769,8.54438,0.121148,-0.0684892,131.698,141.697,0.0,1.0,1.0,0.0,5,125.63767462984296,-0.046151104974000004,-0.650098443031311,-69.65122362518818,-1.0,0.0,0.0,106.98368808566252,
359,134.887,6.61557,0.104261,-0.0765014,132.522,142.521,0.0,1.0,0.05328226089477539,0.0,5,127.13553490255217,-0.051595221709,-0.0,-67.01259834517876,-1.0,0.0,0.0,109.33079009454849,
360,135.166,3.80434,0.0758653,-0.0839385,133.346,143.345,0.0,1.0,1.0,0.0,5,129.65492193910544,-0.056728156455000005,-0.0,-61.32630335923636,-1.0,0.0,0.0,113.26661794284135,
361,135.5,0.797621,0.0427359,-0.0901481,134.173,144.172,0.0,1.0,1.0,0.0,5,132.48180715473663,-0.06107533774999999,-0.0,-51.83770741845524,-1.0,0.0,0.0,118.46130496237282,
362,135.685,-2.14119,0.00841972,-0.0947286,135.001,145.0,0.0,-0.5227326154708862,1.0,0.0,5,135.10898245422118,-0.064266250455,-1.5227326154708862,-42.31852207564002,-1.0,0.0,0.0,123.00826590021491,
363,135.813,-4.92916,-0.0252629,-0.0975091,135.831,145.83,0.0,0.38278332352638245,1.0,0.0,5,134.05433077100048,-0.0662150169915,-0.9055159389972687,-36.187412925192746,-1.0,0.0,0.0,123.66960774101163,
364,135.973,-7.60844,-0.0563298,-0.0984902,136.663,146.662,0.0,-0.556666374206543,1.0,0.0,5,131.92969173461728,-0.066960039823,-0.9394496977329254,-47.03988355848537,-1.0,0.0,0.0,118.82092589585307,
365,136.206,-9.35381,-0.0817059,-0.0978549,137.496,147.495,0.0,0.4241527318954468,1.0,0.0,5,130.19337941327785,-0.06664212254699999,-0.9808191061019897,-56.932670310879445,-1.0,0.0,0.0,114.59932398118042,
366,136.416,-10.6611,-0.10484,-0.0952497,138.331,148.33,0.0,-1.0,1.0,0.0,5,128.52914917911167,-0.06496791537600001,-1.4241527318954468,-62.62039037449449,-1.0,0.0,0.0,111.3818378505434,
367,136.696,-11.9666,-0.119948,-0.0911316,139.168,149.167,0.0,-1.0,1.0,0.0,5,127.53525864502892,-0.06228662596799999,-0.0,-65.99970306727515,-1.0,0.0,0.0,109.97304625224213,
368,137.15,-11.5627,-0.117177,-0.086474,140.008,150.007,0.0,-1.0,1.0,0.0,5,128.19247419729132,-0.0592995455,-0.0,-66.09013791175781,-1.0,0.0,8.0,118.61064017385186,
369,137.737,-9.03079,-0.0967506,-0.0816716,140.85,150.849,0.0,-1.0,1.0,0.0,5,130.4401683974489,-0.056246005845999994,-0.0,-62.65784177349882,-1.0,0.0,0.0,113.7194619482282,
370,138.231,-5.38706,-0.0642071,-0.0772542,141.694,151.693,0.0,-1.0,1.0,0.0,5,133.51150831595245,-0.05339462660099999,-0.0,-35.93355135146331,-1.0,0.0,0.0,123.47472585148563,
371,138.54,-1.67584,-0.027048,-0.0739745,142.54,152.539,0.0,-1.0,1.0,0.0,5,136.61593903808517,-0.05124213615,-0.0,-42.42734110430614,-1.0,0.0,0.0,124.95786162585864,
372,138.717,1.84825,0.0108627,-0.0723227,143.387,153.386,0.0,0.7929521799087524,1.0,0.0,5,137.95541013777856,-0.05016193987950001,-1.7929521799087524,-49.60441503019902,-1.0,0.0,0.0,123.96625878637667,
373,138.822,5.18169,0.0477284,-0.0725033,144.235,154.234,0.0,1.0,1.0,0.0,5,135.35229341729527,-0.050325265563,-0.20704782009124756,-57.530081582484485,-1.0,0.0,0.0,119.85733341008375,
374,139.002,8.42944,0.0789126,-0.074282,145.085,155.084,0.0,0.030427873134613037,1.0,0.0,5,133.09061382561586,-0.05162673282,-0.969572126865387,-65.5329861234003,-1.0,0.0,0.0,115.36486892388615,
375,139.31,10.4205,0.0954511,-0.0769316,145.938,155.937,0.0,0.9256278276443481,1.0,0.0,5,132.03730597909924,-0.05358670598,-0.8951999545097351,-69.68362568681319,-1.0,0.0,0.0,113.29425286506303,
376,139.765,10.1026,0.0925755,-0.0799221,146.793,156.792,0.0,1.0,1.0,0.0,5,132.7063483599282,-0.05585156153249999,-0.07437217235565186,-69.64422419139959,-1.0,0.0,0.0,114.2171290988391,
377,140.302,7.64885,0.0722763,-0.0829411,147.65,157.649,0.0,1.0,1.0,0.0,5,134.86985876097137,-0.058184011061,-0.0,-65.64473511573036,-1.0,0.0,0.0,117.40049097097778,
378,140.716,4.26373,0.0411242,-0.0854097,148.509,158.508,0.0,1.0,1.0,0.0,5,137.7044263563076,-0.06009255672600001,-0.0,-60.03717006302088,-1.0,0.0,0.0,121.63504128382638,
379,140.988,0.8449,0.00628835,-0.086625,149.371,159.37,0.0,0.46280691027641296,1.0,0.0,5,140.5419244172012,-0.0610654275,-0.537193089723587,-54.74606124628227,-1.0,0.0,0.0,125.63318575121355,
380,141.168,-2.35598,-0.0288271,-0.0861726,150.233,160.232,0.0,0.8124111890792847,1.0,0.0,5,139.07489841103686,-0.060824067984,-0.3496042788028717,-50.06800219538971,-1.0,0.0,0.0,125.3921925105646,
381,141.269,-5.33252,-0.0632627,-0.0838295,151.096,161.095,0.0,-0.08926832675933838,1.0,0.0,5,136.52085390321946,-0.0592125481775,-0.901679515838623,-45.917389630798596,-1.0,0.0,0.0,123.71179009259073,
382,141.347,-8.16786,-0.0956429,-0.0795554,151.96,161.959,0.0,-1.0,1.0,0.0,5,133.95188444412062,-0.056224585619,-0.9107316732406616,-42.37696817217852,-1.0,0.0,0.0,122.02819831348481,
383,140.521,-10.4377,-0.118666,-0.0738649,152.823,162.822,0.0,-0.12347972393035889,1.0,0.9986202716827393,5,131.21480022683838,-0.05189784806449999,-0.8765202760696411,-69.86983440451954,-1.0,0.0,0.0,112.4324876948231,
384,139.471,-11.0173,-0.127774,-0.0672162,153.68,163.679,0.0,-1.0,1.0,0.08060753345489502,5,129.44787463209946,-0.04687355315100001,-0.8765202760696411,-70.83089510497526,-1.0,0.0,0.0,110.43032121988377,
385,139.298,-10.148,-0.120919,-0.0601764,154.533,164.532,0.0,-1.0,1.0,0.0061356425285339355,5,129.87949489195304,-0.041912260836000005,-0.0,-69.2452313180985,-1.0,0.0,0.0,111.52627480159242,
386,138.806,-7.30702,-0.0988661,-0.0532087,155.384,165.383,0.0,-1.0,1.0,0.9267104864120483,5,131.27774109909126,-0.036928434061,-0.0,-41.8349362747835,-1.0,0.0,0.0,119.78207859633439,
387,137.458,-3.79351,-0.0715242,-0.0465174,156.227,166.226,0.0,-0.5975266098976135,1.0,0.9324915409088135,5,132.19495562685714,-0.031970943846,-0.4024733901023865,-44.45513552798495,-1.0,0.0,0.0,119.92845878398417,
388,136.456,-0.993678,-0.0465658,-0.0403825,157.063,167.062,0.0,-1.0,1.0,0.0,5,133.13213958840703,-0.0275521721,-0.4024733901023865,-47.176403226717014,-1.0,0.0,0.0,120.18974459259705,
389,135.97,1.1309,-0.0229101,-0.0352154,157.895,167.894,0.0,-0.868066668510437,1.0,0.0,5,134.3769111913587,-0.02394118969,-0.131933331489563,-50.27874023565764,-1.0,0.0,0.0,120.74370494330742,
390,135.707,2.89794,0.000901282,-0.0313815,158.724,168.723,0.0,-1.0,1.0,0.0,5,135.64578975207095,-0.0212934461025,-0.131933331489563,-53.6382288382481,-1.0,0.0,0.0,121.17535909695957,
391,135.551,4.54504,0.0252026,-0.0291598,159.553,169.552,0.0,-0.48246297240257263,1.0,0.0,5,133.80001524585725,-0.019763200249,-0.5175370275974274,-57.16233755446517,-1.0,0.0,0.0,118.33440654871272,
392,135.453,6.06807,0.0488408,-0.0286487,160.382,170.381,0.0,1.0,1.0,0.0,5,131.98497420384822,-0.0194027618055,-1.4824629724025726,-60.62253561549949,-1.0,0.0,0.0,115.36519864644708,
393,135.523,7.58927,0.0689112,-0.0297326,161.211,171.21,0.0,1.0,1.0,0.0,5,130.5355132414088,-0.020147255749,-0.0,-63.7285935326435,-1.0,0.0,0.0,113.58321760249892,
394,135.94,8.33778,0.0752205,-0.0315633,162.042,172.041,0.0,1.0,1.0,0.0,5,130.44768130589065,-0.02145357501,-0.0,-65.38969454353865,-1.0,0.0,0.0,113.07880409499597,
395,136.477,7.04998,0.0644456,-0.0335755,162.875,172.874,0.0,0.5404272079467773,1.0,0.0,5,131.79905991073417,-0.022911417567500002,-0.45957279205322266,-65.08073118992841,-1.0,0.0,0.0,114.36809385806859,
396,137.047,4.60281,0.0414726,-0.0353357,163.712,173.711,0.0,1.0,1.0,0.0,5,134.08812495446807,-0.0242132583895,-0.45957279205322266,-63.39857028150567,-1.0,0.0,0.0,117.0763972880862,
397,137.462,1.86965,0.0123645,-0.036149,164.551,174.55,0.0,1.0,1.0,0.0,5,136.60168968344502,-0.02484556919,-0.0,-60.911593077502175,-1.0,0.0,0.0,120.34894584487947,
398,137.698,-0.78092,-0.018468,-0.0355041,165.392,175.391,0.0,0.9381886720657349,1.0,0.0,5,136.40308748861554,-0.024444217809,-0.06181132793426514,-58.127864898945916,-1.0,0.0,0.0,120.8281336476898,
399,137.852,-3.28134,-0.0493955,-0.0331326,166.234,176.233,0.0,0.19742512702941895,1.0,0.0,5,134.28061068244554,-0.022836975875999997,-0.7407635450363159,-55.336401474630264,-1.0,0.0,0.0,119.20144427440107,
400,137.969,-5.66066,-0.0794622,-0.0289205,167.077,177.076,0.0,-1.0,1.0,0.0,5,132.0577511738395,-0.019950662322499996,-1.197425127029419,-52.68900938086355,-1.0,0.0,0.0,117.5063206281923,
401,138.203,-8.14438,-0.103579,-0.0231984,167.921,177.92,0.0,-0.8414822816848755,1.0,0.0,5,130.31762672844758,-0.016030442376,-0.1585177183151245,-50.9008763144905,-1.0,0.0,0.0,116.5288218919544,
402,138.594,-9.12774,-0.110592,-0.0169546,168.768,178.767,0.0,-0.400715708732605,1.0,0.0,5,130.09923879231647,-0.011749029162,-0.4407665729522705,-51.206559254776195,-1.0,0.0,0.0,116.15361997757473,
403,138.181,-7.60554,-0.10032,-0.0104644,169.615,179.614,0.0,-1.0,1.0,0.9050259590148926,5,130.5667102702072,-0.007229906282000001,-0.599284291267395,-52.602488678524,-1.0,0.0,0.0,116.22907290691401,
404,137.634,-5.04814,-0.0792405,-0.00396371,170.457,180.456,0.0,-1.0,1.0,0.0,5,131.75473163366516,-0.0027277063106999995,-0.0,-55.01384749469412,-1.0,0.0,0.0,116.99854205368092,
405,137.554,-2.37326,-0.0518678,0.00179331,171.297,181.296,0.0,-1.0,1.0,0.0,5,133.80330047762058,-0.0012333848187,-0.0,-58.526733819269694,-1.0,0.0,0.0,118.17038363798446,
406,137.551,0.320772,-0.021254,0.00621549,172.138,182.137,0.0,-1.0,1.0,0.0,5,136.05828861405416,-0.00427473432495,-0.0,-62.3816551844437,-1.0,0.0,0.0,119.45860008361828,
407,137.551,2.98052,0.0105993,0.00898147,172.978,182.977,0.0,1.0,1.0,0.0,5,136.81431496994057,-0.00617705089985,-2.0,-66.24322763260653,-1.0,0.0,0.0,118.64733101088909,
408,137.548,5.53825,0.0420013,0.00994452,173.819,183.818,0.0,0.45960533618927,1.0,0.0,5,134.5389448076716,-0.0068392441848,-0.54039466381073,-69.89417527441631,-1.0,0.0,0.0,115.89644334573953,
409,137.693,8.14096,0.0688574,0.00930023,174.661,184.66,0.0,1.0,1.0,0.0,5,132.62985843366477,-0.006402882846950001,-0.54039466381073,-73.09743358867422,-1.0,0.0,0.0,113.18697875450604,
410,138.051,9.5891,0.0799421,0.00796795,175.506,185.505,0.0,1.0,1.0,0.0,5,132.0979429913883,-0.00549991732725,-0.0,-75.01409652275105,-1.0,0.0,0.0,112.33891894337327,
411,138.547,8.67102,0.0721021,0.00642928,176.353,186.352,0.0,1.0,1.0,0.0,5,133.19658473465938,-0.0044537872808,-0.0,-75.45255650455422,-1.0,0.0,0.0,113.32899182124004,
412,139.043,6.03765,0.0490725,0.00502968,177.202,187.201,0.0,1.0,1.0,0.0,5,135.46539343176056,-0.0034967089812,-0.0,-74.62300310462598,-1.0,0.0,0.0,115.80614594662286,
413,139.395,2.91126,0.0181905,0.00442505,178.054,188.053,0.0,1.0,1.0,0.0,5,138.104175675978,-0.00308414922375,-0.0,-72.95042460064931,-1.0,0.0,0.0,118.86348537659194,
414,139.61,-0.125628,-0.0149079,0.00523504,178.906,188.905,0.0,1.0,0.9790024757385254,0.0,5,138.55387902797065,-0.0036543196720000004,-0.0,-70.89242146291825,-1.0,0.0,0.0,119.82711934256909,
415,138.92,-2.97972,-0.0466449,0.00771872,179.758,189.757,0.0,-0.3941817879676819,1.0,1.0,5,135.53012003874912,-0.005361422912,-1.3941817879676819,-68.00274116972652,-1.0,0.0,0.0,117.10581878701521,
416,137.879,-5.21109,-0.0720751,0.0116309,180.603,190.602,0.0,0.4174548089504242,1.0,0.0,5,132.55650625974877,-0.008018284305499999,-0.8116365969181061,-65.32185562399798,-1.0,0.0,0.0,114.97453309036834,
417,137.477,-6.62427,-0.0944606,0.0170354,181.444,191.443,0.0,1.0,1.0,0.0,5,130.38068751660393,-0.011709878429,-0.5825451910495758,-63.5555389754775,-1.0,0.0,0.0,113.3053293369907,
418,137.091,-7.83298,-0.117345,0.0242792,182.284,192.283,0.0,-0.18207842111587524,0.22040319442749023,0.0,5,128.12319654803895,-0.016642299036,-1.1820784211158752,-61.74485477677044,-1.0,0.0,0.0,111.31571702847558,
419,136.766,-8.99177,-0.13973,0.0334855,183.12,193.119,0.0,-0.44674909114837646,1.0,0.0,5,125.90893518789271,-0.022898389465,-0.2646706700325012,-60.01879939958721,-1.0,0.0,0.0,109.80193574752116,
420,136.873,-9.89196,-0.159118,0.0435146,183.879,193.878,0.0,0.2071671485900879,1.0,0.0,5,124.30035441227538,-0.029779869229,-0.6539162397384644,-58.82197053849961,-1.0,0.0,0.0,108.36890703649993,
421,137.071,-10.9102,-0.169697,0.0547511,184.642,194.641,0.0,-1.0,1.0,0.0,5,123.52758050513278,-0.0375239401405,-1.207167148590088,-57.704266414699916,-1.0,0.0,0.0,107.70183981674026,
422,137.182,-11.5361,-0.16862,0.0658251,185.407,195.406,0.0,-0.3165873885154724,0.0,0.0,5,123.7253044620617,-0.045150094340999994,-0.6834126114845276,-57.617656227176724,-1.0,0.0,0.0,108.07071652748117,
423,137.482,-10.3014,-0.152077,0.0762876,186.173,196.172,0.0,-0.5606245994567871,1.0,0.0,5,125.48158382548733,-0.052440859115999994,-0.2440372109413147,-59.532601028616,-1.0,0.0,0.0,109.47278154593494,
424,138.108,-7.71562,-0.121414,0.085729,186.943,196.942,0.0,-1.0,1.0,0.0,5,128.72776141101073,-0.05919930366,-0.4393754005432129,-63.221557969416125,-1.0,0.0,0.0,111.73135999483372,
425,138.592,-4.47615,-0.0818987,0.093497,187.716,197.715,0.0,1.0,1.0,0.0,5,132.4585538718418,-0.06478968112000001,-2.0,-67.3254356096774,-1.0,0.0,0.0,113.96240528830243,
426,139.022,-1.07547,-0.040878,0.0991364,188.492,198.491,0.0,0.7236281037330627,1.0,0.0,5,136.06518316665793,-0.068910703004,-0.27637189626693726,-71.24016172454452,-1.0,0.0,0.0,117.1033204636377,
427,139.528,2.16933,-0.00761083,0.10302,189.271,199.27,0.0,1.0,1.0,0.0,5,138.9930021402499,-0.0718708728,-0.27637189626693726,-74.42559451448817,-1.0,0.0,0.0,119.23182106994777,
428,140.066,3.67822,0.0107521,0.10563,190.053,200.052,0.0,1.0,1.0,0.0,5,139.3049164165502,-0.0739758579,-0.0,-76.36973323341469,-1.0,0.0,10.0,129.13850725029653,
429,140.507,3.54775,0.0150027,0.107235,190.839,200.838,0.0,1.0,1.0,0.0,5,139.43723492208966,-0.075336340725,-0.0,-77.1121232353907,-1.0,0.0,0.0,119.083867772517,
430,140.779,2.43327,0.00949159,0.108238,191.626,201.625,0.0,0.8539234399795532,1.0,0.1017998456954956,5,140.10456039511965,-0.07618818701,-0.14607656002044678,-76.94024061355827,-1.0,0.0,0.0,119.74948908671395,
431,140.95,0.884571,-0.00106084,0.109008,192.415,202.414,0.0,0.4047623872756958,1.0,0.0,5,140.87515800376858,-0.07682338799999999,-0.4491610527038574,-76.26955473251593,-1.0,0.0,0.0,120.59619761682843,
432,141.127,-0.767612,-0.0139203,0.1098,193.205,203.204,0.0,1.0,1.0,0.0,5,140.1310934297482,-0.077478723,-0.5952376127243042,-75.40325086774189,-1.0,0.0,0.0,120.02423070599542,
433,141.284,-2.36495,-0.0277003,0.11084,193.995,203.994,0.0,1.0,1.0,0.0,5,139.27324503423617,-0.07829959279999998,-0.0,-74.35153254212122,-1.0,0.0,0.0,119.60706230590587,
434,141.385,-3.92972,-0.0417129,0.112242,194.787,204.786,0.0,0.7967779040336609,1.0,0.0,5,138.31408116018923,-0.07934667584999999,-0.2032220959663391,-73.04502633889884,-1.0,0.0,0.0,118.91251127082462,
435,141.465,-5.46525,-0.0556207,0.114049,195.579,205.578,0.0,-0.842659592628479,1.0,0.0,5,137.31407097463398,-0.080669708925,-1.63943749666214,-71.51601287366628,-1.0,0.0,0.0,117.86256679829377,
436,141.546,-6.91567,-0.0691263,0.116277,196.372,206.371,0.0,1.0,1.0,0.0,5,136.31956941678382,-0.08229272121,-1.842659592628479,-69.78419400265904,-1.0,0.0,0.0,117.23843031712052,
437,141.604,-8.26178,-0.0821994,0.118973,197.166,207.165,0.0,1.0,1.0,0.0,5,135.31254827466947,-0.08423526346,-0.0,-67.79404945131043,-1.0,0.0,0.0,117.27980064838187,
438,141.635,-9.49053,-0.0944521,0.122158,197.961,207.96,0.0,1.0,1.0,0.0,5,134.32477193782532,-0.08650924165,-0.0,-65.55613565516371,-1.0,0.0,0.0,116.8492287823844,
439,141.656,-10.5772,-0.105535,0.125824,198.756,208.755,0.0,0.8384746313095093,1.0,0.0,5,133.40691001964223,-0.08911862272,-0.16152536869049072,-63.11547288182999,-1.0,0.0,0.0,116.49046556585756,
440,141.679,-11.4938,-0.11538,0.129963,199.552,209.551,0.0,0.10888221859931946,1.0,0.0,5,132.58165310177284,-0.092065139385,-0.7295924127101898,-60.48270451800157,-1.0,0.0,0.0,116.1500341090744,
441,141.428,-12.235,-0.123482,0.134547,200.349,210.348,0.0,-1.0,1.0,0.41227149963378906,5,131.64140346610907,-0.09514356557999999,-1.1088822185993195,-57.48313237844734,-1.0,0.0,0.0,115.84281214033744,
442,141.075,-12.5924,-0.128685,0.13946,201.143,211.142,0.0,1.0,1.0,0.0,5,130.85643576784068,-0.09837159749999999,-2.0,-54.61044078641237,-1.0,0.0,0.0,115.50545397373759,
443,141.011,-12.8233,-0.133084,0.144745,201.937,211.936,0.0,-1.0,1.0,0.0,5,130.4086139098473,-0.102053185975,-2.0,-51.84332872840068,-1.0,0.0,0.0,115.74572854177214,
444,141.106,-12.9101,-0.136536,0.150401,202.731,212.73,0.0,0.533046543598175,1.0,0.0,5,130.18966500762593,-0.10611241753,-1.533046543598175,-49.08508933291303,-1.0,0.0,0.0,116.35236629378822,
445,141.277,-12.8709,-0.139289,0.156476,203.527,213.525,0.0,-0.4665447473526001,1.0,0.0,5,130.10134552072705,-0.11053229926,-0.9995912909507751,-46.17535332655905,-1.0,0.0,0.0,117.14709750254207,
446,141.466,-12.848,-0.140322,0.162919,204.323,214.322,0.0,-1.0,1.0,0.0,5,130.18267658166653,-0.11523749627,-0.5334552526473999,-43.42482497644167,-1.0,0.0,0.0,118.05119626549191,
447,141.782,-12.8461,-0.132883,0.169048,205.121,215.12,0.0,-1.0,1.0,0.0,5,131.13954559230345,-0.11983981768000002,-0.0,-43.73869528213568,-1.0,0.0,0.0,119.08503195408953,
448,142.313,-11.2074,-0.111718,0.174206,205.922,215.921,0.0,-1.0,1.0,0.0,5,133.4928892294697,-0.12395889239,-0.0,-49.120116151500056,-1.0,0.0,0.0,120.08890129920471,
449,142.926,-8.0956,-0.0788023,0.17819,206.726,216.725,0.0,-0.04090994596481323,1.0,0.0,5,136.85683627151926,-0.1273399197,-0.9590900540351868,-57.23079126578895,-1.0,0.0,0.0,121.13407151916144,
450,143.486,-4.53661,-0.0392026,0.180589,207.533,217.532,0.0,-1.0,1.0,0.0,5,140.56396454343445,-0.12955996627,-0.9590900540351868,-65.2269532386191,-1.0,0.0,0.0,122.83993925129911,
451,143.858,-1.05983,0.00302586,0.180804,208.341,218.34,0.0,0.049348652362823486,1.0,0.0,5,143.63969467908015,-0.13005050916,-1.0493486523628235,-71.94114801105377,-1.0,0.0,0.0,124.20955257144789,
452,144.08,2.46857,0.0453047,0.178583,209.151,219.15,0.0,1.0,1.0,0.0,5,140.66952782869936,-0.1286511932,-0.9506513476371765,-77.32180949126918,-1.0,0.0,0.0,119.92522885839091,
453,144.373,5.81204,0.0809712,0.174253,209.962,219.961,0.0,1.0,1.0,0.0,5,138.06133700279247,-0.12578714184499998,-0.0,-81.22471736301928,-1.0,0.0,0.0,116.62937052019265,
454,144.712,7.62308,0.103177,0.168294,210.775,220.774,0.0,1.0,1.0,0.0,5,136.4901813136696,-0.12177080663999999,-0.0,-83.44650563326857,-1.0,0.0,0.0,114.50678409871247,
455,145.121,7.50701,0.110804,0.160894,211.59,221.589,0.0,1.0,1.0,0.0,5,136.20749577211333,-0.11674549087000001,-0.0,-84.24704497816822,-1.0,0.0,0.0,114.02898903670129,
456,145.451,5.91,0.10564,0.152318,212.405,222.404,0.0,1.0,1.0,0.0,5,136.97171159131685,-0.11077402709,-0.0,-83.66148632656184,-1.0,0.0,0.0,114.94556598258639,
457,145.814,3.37625,0.0923102,0.143003,213.221,223.22,0.0,1.0,1.0,0.0,5,138.4726820412828,-0.10425919720999999,-0.0,-82.05378670048225,-1.0,0.0,0.0,116.85497616895223,
458,146.134,0.679418,0.0762428,0.13318,214.038,224.037,0.0,0.1323028802871704,1.0,0.0,5,140.14403276652075,-0.09731063059999999,-0.8676971197128296,-79.69592657820365,-1.0,0.0,0.0,118.86243135545601,
459,146.092,-1.67065,0.0602164,0.123178,214.855,224.854,0.0,1.0,0.0,0.0,5,141.4313047204253,-0.08997660188,-0.8676971197128296,-76.43099225535136,-1.0,0.0,0.0,120.97327091879359,
460,146.12,-3.74334,0.0447142,0.113321,215.671,225.67,0.0,0.5865296125411987,1.0,0.0,5,142.70822014814357,-0.08279232260000001,-0.41347038745880127,-72.59867248206137,-1.0,0.0,0.0,123.35171858879059,
461,146.104,-6.17004,0.027577,0.103544,216.487,226.486,0.0,1.0,1.0,0.0,5,144.03414846543788,-0.07564096288000001,-0.41347038745880127,-67.34678318782463,-1.0,0.0,0.0,125.99777058936411,
462,146.168,-8.7982,0.00987142,0.0937703,217.304,227.303,0.0,1.0,1.0,0.0,5,145.4394472498488,-0.068531086052,-0.0,-60.35079892702164,-1.0,0.0,0.0,129.2832164320414,
463,146.221,-11.0678,-0.00607604,0.0840391,218.121,228.12,0.0,-0.6369609832763672,1.0,0.0,5,145.77408130659825,-0.0614414062055,-1.6369609832763672,-51.37035530002973,-1.0,0.0,0.0,131.37896278040242,
464,146.254,-12.8627,-0.0198122,0.0744565,218.939,228.938,0.0,1.0,1.0,0.0,5,144.77658492029119,-0.054447804754999996,-1.6369609832763672,-39.62638631573901,-1.0,0.0,0.0,133.32445224161853,
465,145.976,-14.3094,-0.0316813,0.0651716,219.756,229.755,0.0,1.0,0.0,0.13985073566436768,5,143.5907797999811,-0.047567447407999994,-0.0,-44.77920953706091,-1.0,0.0,0.0,131.3484099683079,
466,145.493,-15.9166,-0.043995,0.0560595,220.572,230.571,0.0,-0.13475096225738525,1.0,0.0,5,142.15276757943062,-0.0407813241675,-1.1347509622573853,-55.33985030460666,-1.0,0.0,0.0,126.93659839043423,
467,145.214,-17.4174,-0.0557854,0.0471382,221.386,231.385,0.0,-1.0,1.0,0.0,5,140.93979477505,-0.034225632873999996,-0.8652490377426147,-62.82703015646224,-1.0,0.0,0.0,123.93923689173764,
468,145.012,-18.7057,-0.0719842,0.0386678,222.197,232.196,0.0,-1.0,1.0,0.0,5,139.42167596099983,-0.028036475068000003,-0.0,-68.34862151978952,-1.0,0.0,0.0,121.30648410598445,
469,144.298,-19.7918,-0.0884186,0.0315264,223.007,233.006,0.0,-1.0,0.46949243545532227,0.698328971862793,5,137.36331266568683,-0.022745982336000004,-0.0,-71.42598067845245,-1.0,0.0,0.0,118.48407151373772,
470,143.466,-19.6695,-0.096975,0.0255361,223.813,233.812,0.0,0.04496212303638458,0.946720540523529,0.0,5,135.84653078506224,-0.018317810613,-1.0449621230363846,-72.25209124616177,-1.0,0.0,0.0,116.45170152599789,
471,143.361,-18.9959,-0.105052,0.0210787,224.616,234.615,0.0,-0.02342924103140831,1.0,0.0,5,135.05432966914802,-0.015109317553499998,-0.06839136406779289,-73.63614646842203,-1.0,0.0,0.0,115.60966632526868,
472,142.56,-18.464,-0.111769,0.0182007,225.418,235.417,0.0,-0.23743245005607605,0.0,1.0,5,133.72015759315028,-0.01297345896,-0.21400320902466774,-74.02276924182011,-1.0,0.0,0.0,114.13729086102785,
473,141.467,-17.1313,-0.112579,0.0165583,226.212,236.211,0.0,-0.15988901257514954,1.0,0.0,5,132.62517126897333,-0.011712265130500003,-0.07754343748092651,-73.02332973020808,-1.0,0.0,0.0,113.33436354004652,
474,140.549,-15.3649,-0.108255,0.0161622,227.001,237.0,0.0,-1.0,1.0,1.0,5,132.1335312372478,-0.011357905239000002,-0.8401109874248505,-71.27438127134874,-1.0,0.0,0.0,113.05154471794415,
475,139.738,-12.6357,-0.0962999,0.016674,227.782,237.781,0.0,0.01881011575460434,1.0,0.0,5,132.37257540360636,-0.011649957060000002,-1.0188101157546043,-68.05710714841786,-1.0,0.0,0.0,114.04100562471551,
476,139.666,-9.84536,-0.0806584,0.018111,228.56,238.559,0.0,-0.7468295693397522,1.0,0.0,5,133.58541568777056,-0.012647454629999999,-0.7656396850943565,-64.4377712557314,-1.0,0.0,0.0,116.2336335136794,
477,139.889,-6.45363,-0.0583593,0.0197678,229.339,239.338,0.0,0.2422965168952942,0.0,0.0,5,135.57125465350475,-0.013826488871000001,-0.9891260862350464,-58.48998280691592,-1.0,0.0,0.0,119.63819463703427,
478,140.047,-3.68211,-0.035802,0.0216046,230.116,240.115,0.0,-1.0,1.0,0.0,5,137.45080882704448,-0.015128297081000002,-1.2422965168952942,-50.499256309832134,-1.0,0.0,0.0,123.43817749743687,
479,140.496,-1.289,-0.00959933,0.0225456,230.896,240.895,0.0,-1.0,1.0,0.0,5,139.81520352009818,-0.015837833088000002,-0.0,-37.31756039171751,-1.0,0.0,0.0,129.4699755890808,
480,140.824,1.13608,0.0182838,0.0222254,231.677,241.676,0.0,-1.0,1.0,0.0,5,139.5131349134639,-0.015649348648,-0.0,-40.63255126309434,-1.0,0.0,0.0,128.3393477490423,
481,141.03,3.37204,0.0454991,0.0204225,232.461,242.46,0.0,0.5558220148086548,1.0,0.0,5,137.676785103997,-0.014400925875000001,-1.5558220148086548,-53.49322829804609,-1.0,0.0,0.0,122.82233049916786,
482,141.19,5.34991,0.0709821,0.0171136,233.245,243.244,0.0,0.5902963280677795,1.0,0.0,5,135.82768486726968,-0.012081345919999998,-0.034474313259124756,-62.055572599531615,-1.0,0.0,0.0,119.29136807748904,
483,141.115,7.16125,0.0931516,0.0123438,234.029,244.028,0.0,1.0,1.0,0.21059155464172363,5,133.94015669027667,-0.008709476685,-0.40970367193222046,-67.6913743744563,-1.0,0.0,0.0,115.88569251839793,
484,141.139,8.55173,0.105095,0.00672674,234.814,244.813,0.0,0.9943512082099915,1.0,0.0,5,132.95742325701445,-0.0047470267843000005,-0.005648791790008545,-70.43954597099071,-1.0,0.0,0.0,114.34109509994548,
485,141.52,8.26799,0.102145,0.000892401,235.599,245.598,0.0,0.46076279878616333,1.0,0.0,5,133.56714195355272,-0.0006314629476000002,-0.5335884094238281,-70.42974750361341,-1.0,0.0,0.0,114.79899709187461,
486,141.997,6.44968,0.0862727,-0.004903,236.387,246.386,0.0,0.9951667189598083,1.0,0.0,5,135.35125056582356,-0.0034810564550000005,-0.534403920173645,-67.62826463358411,-1.0,0.0,0.0,117.28038217492045,
487,142.449,3.85689,0.0614429,-0.0101854,237.178,247.177,0.0,1.0,1.0,0.0,5,137.80670891733507,-0.007254500223000002,-0.00483328104019165,-61.61432427231493,-1.0,0.0,0.0,121.39442336472128,
488,142.782,1.05216,0.0323716,-0.0144515,237.97,247.969,0.0,1.0,1.0,0.0,5,140.3965571558446,-0.010317070365000002,-0.0,-51.416754966672386,-1.0,0.0,0.0,126.53205134381149,
489,142.966,-1.68541,0.00221723,-0.0173723,238.763,248.762,0.0,-1.0,1.0,0.0,5,142.80715445970588,-0.012418241209000001,-2.0,-34.35313888309544,-1.0,0.0,0.0,132.60645149772304,
490,143.09,-4.28278,-0.027445,-0.0187778,239.558,249.557,0.0,-0.3100612163543701,1.0,0.0,5,141.07280764965077,-0.01343457701,-0.6899387836456299,-47.881437359867675,-1.0,0.0,0.0,127.88203209758018,
491,143.251,-6.86667,-0.0541313,-0.0187403,240.354,250.353,0.0,-0.9492250680923462,1.0,0.0,5,139.16588615144576,-0.013422833576500003,-0.6391638517379761,-58.872566736517314,-1.0,0.0,0.0,123.24257247821853,
492,143.551,-8.85143,-0.0692821,-0.0179548,241.152,251.151,0.0,-0.9280164837837219,1.0,0.0,5,138.23783460462255,-0.012887147473999999,-0.021208584308624268,-63.9047119509013,-1.0,0.0,0.0,121.24240689413062,
493,143.673,-8.72385,-0.0680075,-0.0169228,241.952,251.951,0.0,-0.6800130009651184,0.10940837860107422,0.0,5,138.45922699739944,-0.012156747222000002,-0.24800348281860352,-63.70220533094597,-1.0,0.0,0.0,121.44711787259536,
494,143.909,-6.71242,-0.0522742,-0.0158409,242.751,252.75,0.0,-0.31091487407684326,1.0,0.0,5,139.9527713674804,-0.0113982403905,-0.36909812688827515,-59.015551489528946,-1.0,0.0,0.0,124.07675581664121,
495,144.471,-4.08814,-0.0288926,-0.0150813,243.553,253.552,0.0,-1.0,1.0,0.0,5,142.32392223102318,-0.010894052461500001,-0.6890851259231567,-50.13252852626877,-1.0,0.0,0.0,128.57317050921753,
496,144.867,-1.33949,-0.00100124,-0.0152501,244.357,254.356,0.0,-1.0,1.0,0.0,5,144.79440408133684,-0.0110461811835,-0.0,-33.62745307535633,-1.0,0.0,0.0,135.37649463131424,
497,144.377,1.354,0.0272964,-0.01671,245.161,255.16,0.0,-0.8387375473976135,1.0,1.0,5,142.35297467976918,-0.012062698350000001,-0.16126245260238647,-50.77007717908894,-1.0,0.0,0.0,128.6000139508662,
498,143.536,3.59423,0.0516887,-0.0194019,245.96,255.959,0.0,0.7408745884895325,1.0,0.0,5,139.6363555550904,-0.013924355591999999,-1.579612135887146,-59.92845967019481,-1.0,0.0,0.0,123.16643264118358,
499,143.054,5.3791,0.0730005,-0.0232982,246.756,256.755,0.0,1.0,1.0,0.0,5,137.45612627289285,-0.016664503514000003,-0.25912541151046753,-66.05382337682595,-1.0,0.0,0.0,119.84826830171922,
500,142.921,7.10458,0.0895763,-0.0281947,247.551,257.55,0.0,1.0,1.0,0.0,5,135.95538021191922,-0.020148073593499998,-0.0,-70.18713993469065,-1.0,0.0,0.0,117.38844715465305,
501,143.248,7.80342,0.0930855,-0.0333664,248.346,258.345,0.0,0.7631366848945618,1.0,0.03711360692977905,5,135.9703008280075,-0.023898350335999997,-0.23686331510543823,-71.48669566402795,-1.0,0.0,0.0,117.0036695671329,
502,143.663,6.63346,0.0818996,-0.0384656,249.143,259.142,0.0,1.0,1.0,0.0,5,137.30505966597877,-0.027630417464000002,-0.23686331510543823,-69.52144889672189,-1.0,0.0,0.0,118.82600802980268,
503,143.243,4.22142,0.0607321,-0.0431864,249.941,259.94,0.0,1.0,1.0,1.0,5,138.63186262557716,-0.030930747475999998,-0.0,-63.552428412138994,-1.0,0.0,0.0,121.71282477506642,
504,142.589,1.69762,0.0376357,-0.0472413,250.734,260.733,0.0,0.3546605706214905,1.0,0.0,5,139.80544209659578,-0.033680448628500004,-0.6453394293785095,-54.97658992014887,-1.0,0.0,0.0,124.83401233911653,
505,142.387,-0.404713,0.0146383,-0.0503728,251.526,261.525,0.0,1.0,1.0,0.0,5,141.32963034878767,-0.035862159368,-0.6453394293785095,-43.76181863134546,-1.0,0.0,0.0,129.15971170276975,
506,142.305,-2.34062,-0.00916308,-0.0522658,252.316,262.315,0.0,0.6651561856269836,1.0,0.0,5,141.6470590068993,-0.037188423345000006,-0.33484381437301636,-34.95623009554326,-1.0,0.0,0.0,131.7703599153566,
507,142.237,-4.21351,-0.0331018,-0.0527634,253.107,263.106,0.0,-1.0,1.0,0.0,5,139.80536003246442,-0.037524538629,-1.6651561856269836,-48.14200119560019,-1.0,0.0,0.0,126.23278833924729,
508,142.032,-6.05563,-0.0551353,-0.0518845,253.897,263.896,0.0,-1.0,0.18776750564575195,0.0,5,137.90266806832275,-0.03684629652,-0.0,-56.635325591683625,-1.0,0.0,0.0,122.70699037388185,
509,142.202,-7.56963,-0.0667976,-0.0502497,254.687,264.686,0.0,-1.0,1.0,0.0,5,137.13902595792572,-0.035728039197,-0.0,-60.574475230471435,-1.0,0.0,0.0,120.95967911111086,
510,141.694,-7.10041,-0.0637388,-0.0484299,255.478,265.477,0.0,-1.0,0.6900982856750488,1.0,5,136.89362617940532,-0.034311131253,-0.0,-59.214271581436435,-1.0,0.0,0.0,121.05574715279322,
511,140.244,-5.27595,-0.050737,-0.0464946,256.261,266.26,0.0,-1.0,0.7634246349334717,1.0,5,136.5072739617803,-0.032602943412,-0.0,-53.534305040324355,-1.0,0.0,0.0,122.09109475828721,
512,139.266,-3.1894,-0.0333604,-0.0447252,257.037,267.036,0.0,-1.0,1.0,0.0,5,136.86595761110718,-0.031143498516,-0.0,-45.648078638756346,-1.0,0.0,0.0,124.42279445290208,
513,138.56,-1.32016,-0.0137131,-0.0435402,257.809,267.808,0.0,-1.0,0.0,0.0,5,137.5969583692339,-0.03016465056,-0.0,-34.603285931114584,-1.0,0.0,0.0,127.91597223589525,
514,137.851,0.408532,0.00737089,-0.0433168,258.576,268.575,0.0,0.006807267665863037,1.0,0.0,5,137.33921761481957,-0.029856320984000005,-1.006807267665863,-34.314641168911095,-1.0,0.0,0.0,127.42865882130803,
515,137.558,2.08953,0.0289099,-0.0442643,259.341,269.34,0.0,0.6455813050270081,1.0,0.0,5,135.5124026852846,-0.030444542897,-0.638774037361145,-46.02678565210664,-1.0,0.0,0.0,122.78362951815261,
516,137.54,3.56449,0.0507481,-0.0464842,260.105,270.104,0.0,-0.4159282445907593,0.8485279083251953,0.0,5,133.87448078955734,-0.03196718434,-1.0615095496177673,-54.77565985280859,-1.0,0.0,0.0,118.83014577712986,
517,137.655,5.07724,0.0723798,-0.0501651,260.87,270.869,0.0,1.0,1.0,0.0,5,132.31720935430124,-0.0345273842025,-1.4159282445907593,-61.556831822309945,-1.0,0.0,0.0,115.46869554114403,
518,137.87,6.67055,0.0869176,-0.0548108,261.635,271.634,0.0,1.0,0.6448202133178711,0.0,5,131.36542322662302,-0.03778382498,-0.0,-65.53826422655129,-1.0,0.0,0.0,113.94307334500519,
519,138.235,6.78089,0.0868886,-0.0597204,262.403,272.402,0.0,1.0,1.0,0.0,5,131.71554765391448,-0.04127724747000001,-0.0,-66.0847567571668,-1.0,0.0,0.0,114.15308121715279,
520,138.394,5.3729,0.073979,-0.064575,263.172,273.171,0.0,0.9440662860870361,0.0,0.0,5,132.90100821185123,-0.04468396275,-0.05593371391296387,-63.29355526097066,-1.0,0.0,0.0,116.01615531968467,
521,138.658,3.25733,0.0524558,-0.0689636,263.941,273.94,0.0,0.817646861076355,1.0,0.0,5,134.83223671645965,-0.047811774243999995,-0.12641942501068115,-57.445390141678104,-1.0,0.0,0.0,119.38515157929291,
522,139.001,0.98546,0.0271565,-0.0724028,264.712,274.711,0.0,1.0,1.0,0.0,5,137.06258988162506,-0.050320308014000004,-0.18235313892364502,-48.018285158113684,-1.0,0.0,0.0,123.95299234240554,
523,139.225,-1.25293,0.000617445,-0.0745955,265.485,275.484,0.0,0.48873117566108704,1.0,0.0,5,139.1819915737163,-0.051927792437499995,-0.511268824338913,-32.633720807000344,-1.0,0.0,0.0,129.818252932227,
524,139.289,-3.32998,-0.0253401,-0.075394,266.259,276.258,0.0,-0.3843243420124054,0.6216397285461426,0.0,5,137.4796724884928,-0.05250777433,-0.8730555176734924,-40.39800546561381,-1.0,0.0,0.0,126.06574669245731,
525,139.435,-5.36347,-0.0481128,-0.0748395,267.034,277.033,0.0,-0.8660205602645874,1.0,0.0,5,135.9206359953513,-0.052176228412500004,-0.481696218252182,-50.59114596383158,-1.0,0.0,0.0,122.07616441050526,
526,138.931,-6.69542,-0.0605313,-0.0735569,267.808,277.807,0.0,-1.0,1.0,1.0,5,134.47428374504332,-0.0510966683695,-0.1339794397354126,-54.45398300721078,-1.0,0.0,0.0,119.7694974929505,
527,138.232,-6.55373,-0.0603883,-0.0718668,268.578,278.577,0.0,-1.0,1.0,0.0,5,133.80876662882628,-0.049671457488,-0.0,-53.775440752064725,-1.0,0.0,0.0,119.31523498332211,
528,138.12,-5.34939,-0.0492949,-0.0702012,269.346,279.345,0.0,-0.10283756256103516,1.0,0.0,5,134.5492918409623,-0.04848094872,-0.8971624374389648,-49.90702136306699,-1.0,0.0,0.0,120.75490682024386,
529,137.998,-3.55778,-0.0304378,-0.0689576,270.114,280.113,0.0,-1.0,0.0,0.0,5,135.83422665557967,-0.047580054424,-0.8971624374389648,-41.934870756777855,-1.0,0.0,0.0,124.03378018072951,
530,137.298,-1.40447,-0.00636983,-0.0686591,270.879,280.878,0.0,-0.6921703815460205,1.0,0.6765708923339844,5,136.85793509191532,-0.047133785559000003,-0.3078296184539795,-27.154864035928227,-1.0,0.0,0.0,128.9297364118381,
531,136.813,0.64176,0.0179943,-0.0694618,271.639,281.638,0.0,-0.8094069957733154,1.0,0.0,5,135.55999027039323,-0.047516386216999995,-0.11723661422729492,-41.0633765020457,-1.0,0.0,0.0,124.21145877439662,
532,136.675,2.58371,0.0430852,-0.0715803,272.399,282.398,0.0,1.0,1.0,0.0,5,133.60473837231027,-0.04891618751250001,-1.8094069957733154,-52.29358024422676,-1.0,0.0,0.0,118.93960502500909,
533,136.658,4.56934,0.0679148,-0.075072,273.158,283.157,0.0,1.0,1.0,0.0,5,131.7059752389261,-0.05129594688,-0.0,-60.36470278458269,-1.0,0.0,0.0,115.56350359590043,
534,136.93,6.63107,0.086437,-0.0795467,273.918,283.917,0.0,0.8455597162246704,1.0,0.0,5,130.5082492616427,-0.05446164815500001,-0.1544402837753296,-65.44222202362141,-1.0,0.0,0.0,113.04690002244973,
535,137.353,7.30247,0.0908847,-0.0843232,274.681,284.68,0.0,1.0,1.0,0.0,5,130.5530665482102,-0.05791022244800001,-0.1544402837753296,-67.03627652684605,-1.0,0.0,0.0,112.6897551089181,
536,137.831,6.27555,0.0815451,-0.0891536,275.446,285.445,0.0,0.8449987769126892,1.0,0.0,5,131.75949788633267,-0.061440649208,-0.1550012230873108,-65.586315766487,-1.0,0.0,0.0,114.25497792857672,
537,138.229,4.27314,0.0623694,-0.0937307,276.213,286.212,0.0,0.9099408984184265,1.0,0.0,5,133.65239998342312,-0.06478150465150001,-0.0649421215057373,-61.150878590614326,-1.0,0.0,0.0,117.28041619466632,
538,138.513,1.99493,0.0382404,-0.0975616,276.981,286.98,0.0,1.0,1.0,0.03225588798522949,5,135.76398576944828,-0.06756774950399999,-0.09005910158157349,-53.48362154760862,-1.0,0.0,0.0,121.29849490256764,
539,138.708,-0.269032,0.0122043,-0.100292,277.751,287.75,0.0,1.0,1.0,0.0,5,137.85127419018326,-0.06955651368000001,-0.0,-41.29926117231574,-1.0,0.0,0.0,126.45690238342434,
540,138.859,-2.44802,-0.0144751,-0.101683,278.523,288.522,0.0,0.5631694197654724,1.0,0.0,5,137.83948893380014,-0.07059799848500001,-0.4368305802345276,-32.528300764078494,-1.0,0.0,0.0,128.50576657022515,
541,138.976,-4.5321,-0.040996,-0.101603,279.295,289.294,0.0,-1.0,1.0,0.0,5,136.011297667117,-0.07060189264000001,-1.5631694197654724,-46.20202951258365,-1.0,0.0,0.0,122.92123757040142,
542,139.141,-6.66866,-0.0653043,-0.100123,280.068,290.067,0.0,-1.0,1.0,0.0,5,134.30438722240194,-0.069656071715,-0.0,-55.140314288513096,-1.0,0.0,0.0,119.44965257855867,
543,139.47,-8.39759,-0.0789792,-0.097908,280.843,290.842,0.0,-1.0,1.0,0.0,5,133.53334859848022,-0.0682761438,-0.0,-59.477150319544194,-1.0,0.0,0.0,117.59578487479416,
544,139.074,-8.01596,-0.0774929,-0.0954184,281.619,291.618,0.0,-0.5951594114303589,1.0,1.0,5,133.2733966853131,-0.066351092808,-0.4048405885696411,-58.77274720778014,-1.0,0.0,0.0,117.39240661398917,
545,138.382,-6.08376,-0.0658501,-0.0925697,282.389,292.388,0.0,-0.2644396424293518,1.0,0.0,5,133.52913775291597,-0.064049901127,-0.3307197690010071,-54.83769319217498,-1.0,0.0,0.0,118.65644862304494,
546,138.278,-4.15824,-0.049144,-0.0896541,283.158,293.157,0.0,-1.0,1.0,0.0,5,134.71465423684973,-0.061985948198999996,-0.7355603575706482,-49.21067265714099,-1.0,0.0,0.0,121.12933201709427,
547,138.363,-2.16838,-0.0266331,-0.087467,283.927,293.926,0.0,-1.0,1.0,0.1404152512550354,5,136.47163094725934,-0.060510982605,-0.0,-39.58528591428126,-1.0,0.0,0.0,125.51479848608403,
548,138.037,-0.0103355,-0.00135332,-0.0864251,284.695,294.694,0.0,-1.0,1.0,0.5120556950569153,5,137.94346950645166,-0.05964930764350001,-0.0,-30.61809663564796,-1.0,0.0,0.0,129.22929603989618,
549,137.073,2.06275,0.0223883,-0.086582,285.459,295.458,0.0,-0.0635765939950943,1.0,0.8497287034988403,5,135.50436093325567,-0.05934027243000001,-0.9364234060049057,-44.490141975417515,-1.0,0.0,0.0,123.04155814516983,
550,136.151,3.6536,0.0414332,-0.0877724,286.217,296.216,0.0,1.0,1.0,0.0,5,133.2143719674106,-0.05975150016200001,-1.0635765939950943,-51.89254048405586,-1.0,0.0,0.0,118.8624123680361,
551,135.613,4.78227,0.0559531,-0.0898749,286.972,296.971,0.0,1.0,1.0,0.0,5,131.6087657031294,-0.0609410240685,-0.0,-56.436185211831116,-1.0,0.0,0.0,116.4387783761031,
552,135.55,5.64847,0.062635,-0.0924854,287.726,297.725,0.0,1.0,1.0,1.0,5,131.04188389532243,-0.06268197985,-0.0,-58.49588914275893,-1.0,0.0,0.0,115.3552296297827,
553,135.931,5.3157,0.056569,-0.0949805,288.48,298.479,0.0,0.9304717779159546,1.0,0.0,5,131.87087473874925,-0.0645539717275,-0.06952822208404541,-57.16820675344229,-1.0,0.0,0.0,116.49341061203597,
554,136.317,3.81845,0.0397245,-0.0970305,289.237,299.236,0.0,0.872063159942627,1.0,0.0,5,133.502607299018,-0.06613453334250001,-0.05840861797332764,-51.83853410483829,-1.0,0.0,0.0,119.45931665407393,
555,136.613,1.86335,0.0170887,-0.0982533,289.995,299.994,0.0,-0.22857218980789185,1.0,0.0,5,135.42584089508756,-0.06711339036450001,-1.1006353497505188,-41.86762333179523,-1.0,0.0,0.0,123.56163106684909,
556,136.851,-0.140186,-0.00750244,-0.0983232,290.755,300.754,0.0,0.6626431345939636,1.0,0.0,5,136.33379518654132,-0.06727814121600001,-0.8912153244018555,-26.008928565007423,-1.0,0.0,0.0,128.4969203067529,
557,137.042,-2.02445,-0.0321693,-0.0970649,291.516,301.515,0.0,0.9438828229904175,0.09817743301391602,0.0,5,134.76720377028116,-0.06650984012899999,-0.28123968839645386,-40.55103047434956,-1.0,0.0,0.0,123.47856440504586,
558,137.189,-3.74536,-0.0562276,-0.0943604,292.278,302.277,0.0,-0.7419265508651733,1.0,0.019187867641448975,5,133.11732053333503,-0.064726044578,-1.6858093738555908,-50.46153722147753,-1.0,0.0,0.0,118.93146737123095,
559,137.299,-5.3076,-0.0795583,-0.0901508,293.04,303.039,0.0,-1.0,1.0,0.9356638193130493,5,131.40883280145022,-0.06188807344600001,-0.25807344913482666,-57.742710493764235,-1.0,0.0,0.0,115.83384506982273,
560,137.373,-6.73887,-0.102274,-0.0843746,293.803,303.802,0.0,-1.0,1.0,1.0,5,129.64256433814492,-0.05795395962899999,-0.0,-63.40470408884627,-1.0,0.0,0.0,112.73343435630434,
561,137.418,-8.0642,-0.124494,-0.0769912,294.567,304.566,0.0,-1.0,1.0,0.0,5,127.8226909830184,-0.052899883608000006,-0.0,-67.99771478018835,-1.0,0.0,0.0,109.77036240436331,
562,137.441,-9.30061,-0.146248,-0.0679946,295.33,305.329,0.0,-0.1261853575706482,0.0,0.25601860880851746,5,125.95934360625955,-0.046726229093000005,-0.8738146424293518,-71.83479297657881,-1.0,0.0,0.0,106.69177474029306,
563,137.449,-10.443,-0.167429,-0.057354,296.093,306.092,0.0,-0.13015329837799072,1.0,0.0,5,124.0741882689033,-0.039416249730000005,-0.003967940807342529,-75.10256144894883,-1.0,0.0,0.0,104.25794127469389,
564,137.443,-11.4806,-0.187974,-0.0450119,296.855,306.854,0.0,-1.0,1.0,0.6340183019638062,5,122.1800048098817,-0.0309328528585,-0.8698467016220093,-77.93195228615112,-1.0,0.0,0.0,101.40512987499882,
565,137.429,-12.4125,-0.207831,-0.0310078,297.617,307.616,0.0,-0.678735077381134,0.42893919348716736,1.0,5,120.29321605008286,-0.021306854731,-0.32126492261886597,-80.42041117340301,-1.0,0.0,0.0,99.07042692521546,
566,137.405,-13.2473,-0.226982,-0.0153188,298.378,308.377,0.0,-1.0,1.0,0.0,5,118.41989042518381,-0.010524398570000001,-0.32126492261886597,-82.63699474145511,-1.0,0.0,0.0,96.65373786446438,
567,137.379,-13.9886,-0.245468,0.00204094,299.138,309.137,0.0,1.0,1.0,1.0,5,116.56862866278746,-0.0014019114813,-2.0,-84.64708935758159,-1.0,0.0,0.0,93.80545441191077,
568,137.356,-14.6262,-0.263239,0.0210857,299.897,309.896,0.0,1.0,0.0,0.0,5,114.75373490251062,-0.014481237045999998,-0.0,-86.49284241024748,-1.0,0.0,0.0,92.11604306290275,
569,137.338,-15.155,-0.280242,0.0418095,300.654,310.653,0.0,0.1360834240913391,0.0,0.0,5,112.98720682528766,-0.028710165555,-0.8639165759086609,-88.20565627409984,-1.0,0.0,0.0,89.6479076184351,
570,137.328,-15.5704,-0.296439,0.0642062,301.41,311.409,0.0,-0.47820234298706055,1.0,0.0,5,111.28025443457236,-0.04408654516800001,-0.6142857670783997,-89.81269720184875,-1.0,0.0,0.0,87.59870785881864,
571,137.326,-15.8708,-0.311806,0.0882861,302.164,312.163,0.0,-1.0,0.0,0.0,5,109.6399873428869,-0.060619884843,-0.5217976570129395,-91.3356183968865,-1.0,0.0,0.0,85.58892356171839,
572,137.341,-16.0661,-0.326287,0.114031,302.917,312.916,0.0,-1.0,1.0,0.0,5,108.08392214601608,-0.078305657855,-0.0,-92.79884917631392,-1.0,0.0,0.0,83.8059041940826,
573,137.375,-16.1371,-0.339735,0.141435,303.667,313.666,0.0,-1.0,1.0,0.0,5,106.63382437838838,-0.097148165625,-0.0,-94.21351717097755,-1.0,0.0,0.0,81.983296920019,
574,137.427,-16.0732,-0.352173,0.170471,304.416,314.415,0.0,-1.0,1.0,0.0,5,105.29055525473912,-0.11713659058499999,-0.0,-95.59516523268432,-1.0,0.0,0.0,80.27462735598303,
575,137.489,-15.8903,-0.363721,0.201139,305.162,315.161,0.0,-1.0,0.0,0.0,5,104.03825708079283,-0.13827199985500002,-0.0,-96.95439256388438,-1.0,0.0,0.0,78.66138693996675,
576,137.547,-15.6482,-0.374693,0.233426,305.906,315.905,0.0,-1.0,0.0,0.0,5,102.83379605090809,-0.16053523010999998,-0.0,-98.30112887958785,-1.0,0.0,0.0,77.09797860090113,
577,137.616,-15.3665,-0.38541,0.267297,306.648,316.647,0.0,-1.0,0.3907400369644165,0.0,5,101.65347530478894,-0.18392171976000005,-0.0,-99.67045164449459,-1.0,0.0,0.0,75.5519406739053,
578,137.7,-15.0356,-0.395861,0.302767,307.388,317.387,0.0,-1.0,0.5346498489379883,0.0,5,100.50220799504059,-0.2084550795,-0.0,-101.07223348332579,-1.0,0.0,0.0,74.02569454470915,
579,137.792,-14.654,-0.405997,0.339844,308.124,318.123,0.0,-1.0,0.0,0.0,5,99.38132929747076,-0.23413892224,-0.0,-102.50461301824687,-1.0,0.0,0.0,72.52103712066904,
580,137.894,-14.2169,-0.415767,0.378527,308.859,318.858,0.0,-1.0,0.0,1.0,5,98.29924807408683,-0.26098301069,-0.0,-103.97532549759646,-1.0,0.0,0.0,71.04443368899771,
581,138.005,-13.7214,-0.425124,0.418816,309.59,319.589,0.0,-1.0,0.0,0.0,5,97.26188383256803,-0.28899351040000004,-0.0,-105.49046909457249,-1.0,0.0,0.0,69.60027304852491,
582,138.133,-13.1819,-0.433961,0.460704,310.319,320.318,0.0,-1.0,0.0,0.059465765953063965,5,96.28884411782313,-0.31819212816000003,-0.0,-107.06477056863395,-1.0,0.0,0.0,68.20445934750464,
583,138.281,-12.5758,-0.442071,0.504163,311.044,321.043,0.0,-1.0,0.0,0.0,5,95.4085603001095,-0.34858081901500004,-0.0,-108.70714668326092,-1.0,0.0,0.0,66.88319281027927,
584,138.441,-11.8874,-0.449489,0.549174,311.767,321.766,0.0,-1.0,0.7225484848022461,0.0,5,94.61287443776745,-0.38014098867000007,-0.0,-110.4253557989469,-1.0,0.0,0.0,65.62639449936071,
585,138.598,-11.154,-0.456453,0.59571,312.487,322.486,0.0,-0.8633447289466858,1.0,0.0,5,93.863836494684,-0.41282107290000003,-0.1366552710533142,-112.22749829828793,-1.0,0.0,0.0,64.35314426589602,
586,138.738,-10.4583,-0.463458,0.643731,313.204,323.203,0.0,-1.0,0.0,1.0,5,93.0918068236255,-0.44846215775100007,-0.1366552710533142,-114.13074253395962,-1.0,0.0,0.0,63.06966245106861,
587,138.879,-9.84429,-0.471026,0.693211,313.918,323.917,0.0,-0.33774614334106445,0.0,0.0,5,92.24381506803034,-0.490050542866,-0.6622538566589355,-116.18903393567984,-1.0,0.0,0.0,61.5078298842467,
588,139.026,-9.29464,-0.479177,0.744157,314.629,324.628,0.0,-1.0,0.0,0.0,5,91.31924970423137,-0.5380670960589999,-0.6622538566589355,-118.44430327694047,-1.0,0.0,0.0,59.971430631939576,
589,139.17,-8.80423,-0.487829,0.796585,315.337,325.336,0.0,-0.36596763134002686,0.4278218746185303,0.38055431842803955,5,90.32103625541332,-0.592949334475,-0.6340323686599731,-120.94599385425914,-1.0,0.0,0.0,58.30137874677554,
590,139.311,-8.36393,-0.496897,0.850493,316.041,326.04,0.0,-1.0,0.0,0.0,5,89.25877886205129,-0.6551618946640001,-0.6340323686599731,-123.79935792058109,-1.0,0.0,0.0,56.46356777664401,
591,139.449,-7.9667,-0.5063,0.905888,316.742,326.741,0.0,0.14951586723327637,0.0,0.0,5,88.14186500106301,-0.7251933471040001,-1.1495158672332764,-127.23172698185067,-1.0,0.0,0.0,54.26388514832637,
592,139.59,-7.62268,-0.515946,0.962753,317.439,327.438,0.0,-1.0,0.0,0.0,5,86.98515006931012,-0.803543195359,-1.1495158672332764,-131.96035885509679,-1.0,0.0,0.0,51.84666240000695,
593,139.742,-7.32268,-0.525612,1.02106,318.133,328.132,0.0,-1.0,0.782393217086792,0.0,5,85.82196136590959,-0.8907163562000001,-0.0,-139.742,-1.0,0.0,0.0,48.99574500970959,
594,139.899,-7.03178,-0.535136,1.08078,318.823,328.822,0.0,-0.9978964328765869,0.0,0.0,5,84.66971017701579,-0.9871496145000002,-0.002103567123413086,-139.899,-1.0,0.0,0.0,47.70717949237877,
595,140.055,-6.75003,-0.544672,1.1419,319.51,329.509,0.0,-1.0,0.23659145832061768,0.0,5,83.50478193395396,-1.0932996325,-0.002103567123413086,-140.055,-1.0,0.0,0.0,46.39710123131694,
596,140.186,-6.5593,-0.554628,1.20437,320.194,330.193,0.0,-0.5504519939422607,1.0,0.0,5,82.25874116711492,-1.209442161,-0.44954800605773926,-140.186,-1.0,0.0,0.0,44.867934604297595,
597,139.697,-6.44647,-0.56464,1.26808,320.872,330.871,0.0,-0.1312149167060852,0.0,0.6763763427734375,5,80.63666098834696,-1.3320657452000004,-0.41923707723617554,-139.697,-1.0,0.0,0.0,43.25457411997611,
598,138.948,-6.1923,-0.572497,1.33252,321.543,331.542,0.0,-1.0,0.0,0.47263002395629883,5,79.15653513637082,-1.4623404951999999,-0.8687850832939148,-138.948,-1.0,0.0,0.0,41.69655911618265,
599,138.655,-5.81745,-0.579906,1.39782,322.208,332.207,0.0,0.3150746822357178,1.0,0.0,5,77.99919265708016,-1.6055904129000003,-1.3150746822357178,-138.655,-1.0,0.0,0.0,40.33532983950945,
600,138.504,-5.52849,-0.588344,1.46416,322.867,332.866,0.0,0.5151724815368652,0.0,0.0,5,76.78229097292969,-1.7607325887999996,-0.20009779930114746,-138.504,-1.0,0.0,0.0,39.335529044339346,
601,138.481,-5.34034,-0.598116,1.53162,323.522,333.521,0.0,-0.5460585951805115,1.0,0.0,5,75.45201900089262,-1.9284171705,-1.0612310767173767,-138.481,-1.0,0.0,0.0,37.584982507377404,
602,138.287,-5.17776,-0.609244,1.6003,324.172,334.171,0.0,-1.0,0.0,0.0,5,73.83931858710679,-2.1071035205000004,-0.4539414048194885,-138.287,-1.0,0.0,0.0,36.02428264516093,
603,138.145,-5.11627,-0.621056,1.67019,324.816,334.815,0.0,-1.0,0.0,0.0,5,72.15552117385127,-2.2989486238500003,-0.0,-138.145,-1.0,0.0,0.0,34.32032255000127,
604,88.2039,-70.5765,-0.633117,1.66213,325.443,335.442,102.0,-0.14414316415786743,1.0,0.7084976434707642,5,45.01547470414182,-1.8611518784350005,-0.8558568358421326,-88.2039,-1.0,-50.0,0.0,-30.15340922504582,collision
