step,speedX,speedY,angle,trackPos,distFromStart,distRaced,damage,steer,accel,brake,gear,r_speed,r_safety,r_smooth,r_anticipation,r_time,r_terminal,r_checkpoint,reward_total,terminal_reason
0,-0.00913045,-0.00302988,0.00822276,0.333439,3598.45,0.0,0.0,1.0,1.0,0.0,1,-0.009092603003111566,1.522224058775e-05,-0.0,-0.0,-1.0,0.0,0.0,-1.0090773807625237,
1,-0.00913045,-0.00302988,0.00822276,0.333439,3598.45,0.0,0.0,1.0,1.0,0.0,1,-0.009092603003111566,1.522224058775e-05,-0.0,-0.0,-1.0,0.0,0.0,-1.0090773807625237,
2,-0.00913045,-0.00302988,0.00822276,0.333439,3598.45,0.0,0.0,1.0,1.0,0.0,1,-0.009092603003111566,1.522224058775e-05,-0.0,-0.0,-1.0,0.0,0.0,-1.0090773807625237,
3,-0.00913045,-0.00302988,0.00822276,0.333439,3598.45,0.0,0.0,1.0,1.0,0.0,1,-0.009092603003111566,1.522224058775e-05,-0.0,-0.0,-1.0,0.0,0.0,-1.0090773807625237,
4,-0.00913045,-0.00302988,0.00822276,0.333439,3598.45,0.0,0.0,1.0,1.0,0.0,1,-0.009092603003111566,1.522224058775e-05,-0.0,-0.0,-1.0,0.0,0.0,-1.0090773807625237,
5,-0.00913045,-0.00302988,0.00822276,0.333439,3598.45,0.0,0.0,1.0,1.0,0.0,1,-0.009092603003111566,1.522224058775e-05,-0.0,-0.0,-1.0,0.0,0.0,-1.0090773807625237,
6,-0.00913045,-0.00302988,0.00822276,0.333439,3598.45,0.0,0.0,1.0,1.0,0.0,1,-0.009092603003111566,1.522224058775e-05,-0.0,-0.0,-1.0,0.0,0.0,-1.0090773807625237,
7,-0.00913045,-0.00302988,0.00822276,0.333439,3598.45,0.0,0.0,1.0,1.0,0.0,1,-0.009092603003111566,1.522224058775e-05,-0.0,-0.0,-1.0,0.0,0.0,-1.0090773807625237,
8,-0.00913045,-0.00302988,0.00822276,0.333439,3598.45,0.0,0.0,1.0,1.0,0.0,1,-0.009092603003111566,1.522224058775e-05,-0.0,-0.0,-1.0,0.0,0.0,-1.0090773807625237,
9,-0.00913045,-0.00302988,0.00822276,0.333439,3598.45,0.0,0.0,1.0,1.0,1.0,1,-0.009092603003111566,1.522224058775e-05,-0.0,-0.0,-1.0,0.0,0.0,-1.0090773807625237,
10,-0.00913045,-0.00302988,0.00822276,0.333439,3598.45,0.0,0.0,0.3938547372817993,1.0,0.0,1,-0.009092603003111566,1.522224058775e-05,-0.6061452627182007,-0.0,-1.0,0.0,0.0,-1.190920959577984,
11,-0.00913045,-0.00302988,0.00822276,0.333439,3598.45,0.0,0.0,1.0,1.0,0.0,1,-0.009092603003111566,1.522224058775e-05,-0.6061452627182007,-0.0,-1.0,0.0,0.0,-1.190920959577984,
12,-0.00913045,-0.00302988,0.00822276,0.333439,3598.45,0.0,0.0,1.0,1.0,0.0,1,-0.009092603003111566,1.522224058775e-05,-0.0,-0.0,-1.0,0.0,0.0,-1.0090773807625237,
13,-0.00913045,-0.00302988,0.00822276,0.333439,3598.45,0.0,0.0,0.3908069133758545,0.0,1.0,1,-0.009092603003111566,1.522224058775e-05,-0.6091930866241455,-0.0,-1.0,0.0,0.0,-1.1918353067497676,
14,-0.00913045,-0.00302988,0.00822276,0.333439,3598.45,0.0,0.0,1.0,1.0,0.17105978727340698,1,-0.009092603003111566,1.522224058775e-05,-0.6091930866241455,-0.0,-1.0,0.0,0.0,-1.1918353067497676,
15,-0.00913045,-0.00302988,0.00822276,0.333439,3598.45,0.0,0.0,0.2815864682197571,0.0,1.0,1,-0.009092603003111566,1.522224058775e-05,-0.7184135317802429,-0.0,-1.0,0.0,0.0,-1.2246014402965968,
16,-0.00913045,-0.00302988,0.00822276,0.333439,3598.45,0.0,0.0,1.0,1.0,0.0,1,-0.009092603003111566,1.522224058775e-05,-0.7184135317802429,-0.0,-1.0,0.0,0.0,-1.2246014402965968,
17,-0.00913045,-0.00302988,0.00822276,0.333439,3598.45,0.0,0.0,0.8163224458694458,1.0,1.0,1,-0.009092603003111566,1.522224058775e-05,-0.1836775541305542,-0.0,-1.0,0.0,0.0,-1.0641806470016901,
18,-0.00913045,-0.00302988,0.00822276,0.333439,3598.45,0.0,0.0,-0.0017112195491790771,0.0,0.08624207973480225,1,-0.009092603003111566,1.522224058775e-05,-0.8180336654186249,-0.0,-1.0,0.0,0.0,-1.2544874803881112,
19,-0.00913045,-0.00302988,0.00822276,0.333439,3598.45,0.0,0.0,0.45315369963645935,1.0,1.0,1,-0.009092603003111566,1.522224058775e-05,-0.4548649191856384,-0.0,-1.0,0.0,0.0,-1.1455368565182154,
20,-0.00913045,-0.00302988,0.00822276,0.333439,3598.45,0.0,0.0,-0.9802181124687195,1.0,0.0,1,-0.009092603003111566,1.522224058775e-05,-1.4333718121051788,-0.0,-1.0,0.0,0.0,-1.4390889243940774,
21,-0.00913045,-0.00302988,0.00822276,0.333439,3598.45,0.0,0.0,0.5383098721504211,1.0,0.9977036714553833,1,-0.009092603003111566,1.522224058775e-05,-1.5185279846191406,-0.0,-1.0,0.0,0.0,-1.464635776148266,
22,-0.00913045,-0.00302988,0.00822276,0.333439,3598.45,0.0,0.0,1.0,1.0,1.0,1,-0.009092603003111566,1.522224058775e-05,-0.46169012784957886,-0.0,-1.0,0.0,0.0,-1.1475844191173974,
23,-0.00913045,-0.00302988,0.00822276,0.333439,3598.45,0.0,0.0,-0.2982814908027649,1.0,1.0,1,-0.009092603003111566,1.522224058775e-05,-1.298281490802765,-0.0,-1.0,0.0,0.0,-1.3985618280033534,
24,-0.00913045,-0.00302988,0.00822276,0.333439,3598.45,0.0,0.0,-0.2573226988315582,1.0,1.0,1,-0.009092603003111566,1.522224058775e-05,-0.040958791971206665,-0.0,-1.0,0.0,0.0,-1.0213650183538858,
25,-0.00913045,-0.00302988,0.00822276,0.333439,3598.45,0.0,0.0,-1.0,1.0,1.0,1,-0.009092603003111566,1.522224058775e-05,-0.7426773011684418,-0.0,-1.0,0.0,0.0,-1.2318805711130563,
26,-0.00913045,-0.00302988,0.00822276,0.333439,3598.45,0.0,0.0,0.4896473288536072,1.0,1.0,1,-0.009092603003111566,1.522224058775e-05,-1.4896473288536072,-0.0,-1.0,0.0,0.0,-1.4559715794186059,
27,-0.00913045,-0.00302988,0.00822276,0.333439,3598.45,0.0,0.0,-1.0,1.0,1.0,1,-0.009092603003111566,1.522224058775e-05,-1.4896473288536072,-0.0,-1.0,0.0,0.0,-1.4559715794186059,
28,-0.00913045,-0.00302988,0.00822276,0.333439,3598.45,0.0,0.0,-0.3751024603843689,1.0,1.0,1,-0.009092603003111566,1.522224058775e-05,-0.6248975396156311,-0.0,-1.0,0.0,0.0,-1.196546642647213,
29,-0.00913045,-0.00302988,0.00822276,0.333439,3598.45,0.0,0.0,-1.0,1.0,1.0,1,-0.009092603003111566,1.522224058775e-05,-0.6248975396156311,-0.0,-1.0,0.0,0.0,-1.196546642647213,
30,-0.00913045,-0.00302988,0.00822276,0.333439,3598.45,0.0,0.0,0.5571656823158264,0.0,1.0,1,-0.009092603003111566,1.522224058775e-05,-1.5571656823158264,-0.0,-1.0,0.0,0.0,-1.4762270854572717,
31,-0.00913045,-0.00302988,0.00822276,0.333439,3598.45,0.0,0.0,-0.8482449054718018,1.0,1.0,1,-0.009092603003111566,1.522224058775e-05,-1.4054105877876282,-0.0,-1.0,0.0,0.0,-1.4307005570988123,
32,-0.00913045,-0.00302988,0.00822276,0.333439,3598.45,0.0,0.0,-0.5153535008430481,1.0,1.0,1,-0.009092603003111566,1.522224058775e-05,-0.33289140462875366,-0.0,-1.0,0.0,0.0,-1.1089448021511499,
33,-0.00913045,-0.00302988,0.00822276,0.333439,3598.45,0.0,0.0,-0.2805267572402954,1.0,1.0,1,-0.009092603003111566,1.522224058775e-05,-0.23482674360275269,-0.0,-1.0,0.0,0.0,-1.0795254038433497,
34,-0.00913045,-0.00302988,0.00822276,0.333439,3598.45,0.0,0.0,-0.4578081965446472,1.0,1.0,1,-0.009092603003111566,1.522224058775e-05,-0.1772814393043518,-0.0,-1.0,0.0,0.0,-1.0622618125538295,
35,-0.00913045,-0.00302988,0.00822276,0.333439,3598.45,0.0,0.0,-0.6044363975524902,1.0,0.675279974937439,1,-0.009092603003111566,1.522224058775e-05,-0.14662820100784302,-0.0,-1.0,0.0,0.0,-1.0530658410648768,
36,-0.00913045,-0.00302988,0.00822276,0.333439,3598.45,0.0,0.0,0.6923690438270569,1.0,1.0,1,-0.009092603003111566,1.522224058775e-05,-1.2968054413795471,-0.0,-1.0,0.0,0.0,-1.3981190131763879,
37,-0.00913045,-0.00302988,0.00822276,0.333439,3598.45,0.0,0.0,-0.878995418548584,1.0,1.0,1,-0.009092603003111566,1.522224058775e-05,-1.5713644623756409,-0.0,-1.0,0.0,0.0,-1.480486719475216,
38,-0.00913045,-0.00302988,0.00822276,0.333439,3598.45,0.0,0.0,-1.0,1.0,1.0,1,-0.009092603003111566,1.522224058775e-05,-0.12100458145141602,-0.0,-1.0,0.0,0.0,-1.0453787551979485,
39,-0.00913045,-0.00302988,0.00822276,0.333439,3598.45,0.0,0.0,0.9051320552825928,1.0,0.0,1,-0.009092603003111566,1.522224058775e-05,-1.9051320552825928,-0.0,-1.0,0.0,0.0,-1.5806169973473017,
40,-0.00913045,-0.00302988,0.00822276,0.333439,3598.45,0.0,0.0,-0.09404906630516052,1.0,1.0,1,-0.009092603003111566,1.522224058775e-05,-0.9991811215877533,-0.0,-1.0,0.0,0.0,-1.3088317172388497,
41,-0.00913045,-0.00302988,0.00822276,0.333439,3598.45,0.0,0.0,-0.7453305721282959,1.0,1.0,1,-0.009092603003111566,1.522224058775e-05,-0.6512815058231354,-0.0,-1.0,0.0,0.0,-1.2044618325094645,
42,-0.00913045,-0.00302988,0.00822276,0.333439,3598.45,0.0,0.0,-1.0,1.0,1.0,1,-0.009092603003111566,1.522224058775e-05,-0.2546694278717041,-0.0,-1.0,0.0,0.0,-1.0854782091240351,
43,-0.00913045,-0.00302988,0.00822276,0.333439,3598.45,0.0,0.0,-0.3094676733016968,1.0,1.0,1,-0.009092603003111566,1.522224058775e-05,-0.6905323266983032,-0.0,-1.0,0.0,0.0,-1.2162370787720147,
44,-0.00913045,-0.00302988,0.00822276,0.333439,3598.45,0.0,0.0,-1.0,1.0,1.0,1,-0.009092603003111566,1.522224058775e-05,-0.6905323266983032,-0.0,-1.0,0.0,0.0,-1.2162370787720147,
45,-0.00913045,-0.00302988,0.00822276,0.333439,3598.45,0.0,0.0,0.5318846106529236,1.0,1.0,1,-0.009092603003111566,1.522224058775e-05,-1.5318846106529236,-0.0,-1.0,0.0,0.0,-1.4686427639584008,
46,-0.00913045,-0.00302988,0.00822276,0.333439,3598.45,0.0,0.0,-0.09757298231124878,1.0,1.0,1,-0.009092603003111566,1.522224058775e-05,-0.6294575929641724,-0.0,-1.0,0.0,0.0,-1.1979146586517755,
47,-0.00913045,-0.00302988,0.00822276,0.333439,3598.45,0.0,0.0,0.4933006763458252,1.0,1.0,1,-0.009092603003111566,1.522224058775e-05,-0.590873658657074,-0.0,-1.0,0.0,0.0,-1.186339478359646,
48,-0.00763387,0.00433554,0.00856369,0.333443,3598.45,0.0,0.0,0.11410588026046753,1.0,1.0,1,-0.007600903431399413,1.2727302572050001e-05,-0.37919479608535767,-0.0,-1.0,0.0,0.0,-1.1213466149544347,
49,-0.0706725,0.000149523,0.00833338,0.333433,3598.45,0.000244141,0.0,-0.9043644070625305,1.0,1.0,1,-0.07037557908969086,0.00011782271846249998,-1.018470287322998,-0.0,-1.0,0.0,0.0,-1.3757988425681278,
50,-0.0678677,-0.00270062,0.00873345,0.333438,3598.45,-0.000244141,0.0,0.7477157115936279,1.0,0.0,1,-0.06756875595994008,0.00011314835076300001,-1.6520801186561584,-0.0,-1.0,0.0,0.0,-1.5630796432060245,
51,-0.0701067,-0.0191542,0.00888461,0.333428,3598.45,-0.000488281,0.0,1.0,0.0,0.0,1,-0.06979250178992909,0.00011687768383799999,-0.25228428840637207,-0.0,-1.0,0.0,0.0,-1.1453609106280027,
52,0.597014,0.036698,0.00908202,0.333427,3598.45,0.000976563,0.0,1.0,1.0,0.0,1,0.5942783691152593,-0.00099530293489,-0.0,-0.0,-1.0,0.0,0.0,-0.4067169338196307,
53,1.45129,0.181882,0.0083372,0.333519,3598.45,0.00683594,0.0,1.0,1.0,0.0,1,1.4451897840957688,-0.00242016394755,-0.0,-0.0,-1.0,0.0,0.0,0.44276962014821875,
54,2.24062,0.303721,0.00717753,0.333725,3598.46,0.0170898,0.0,1.0,1.0,0.0,1,2.2325212957155016,-0.0037387545474999997,-0.0,-0.0,-1.0,0.0,0.0,1.2287825411680018,
55,2.99829,0.434473,0.00553435,0.334045,3598.48,0.0319824,0.0,1.0,1.0,0.0,1,2.98994733198311,-0.00500781891525,-0.0,-0.0,-1.0,0.0,0.0,1.98493951306786,
56,3.77949,0.52688,0.00343531,0.334475,3598.5,0.0507813,0.0,1.0,1.0,0.0,1,3.7729758513435465,-0.00632072458875,-0.0,-0.0,-1.0,0.0,0.0,2.7666551267547965,
57,4.49814,0.65802,0.00087088,0.335018,3598.52,0.0739746,0.0,1.0,1.0,0.0,1,4.4961796243994945,-0.0075347893326000006,-0.0,-0.0,-1.0,0.0,0.0,3.4886448350668946,
58,5.24336,0.743354,-0.00221998,0.335676,3598.55,0.101318,0.0,1.0,1.0,0.0,1,5.237527007164522,-0.0088003505568,-0.0,-0.0,-1.0,0.0,0.0,4.228726656607722,
59,5.98959,0.861379,-0.00586349,0.336447,3598.58,0.132813,0.0,1.0,1.0,0.0,1,5.971927187785933,-0.01007589793365,-0.0,-0.0,-1.0,0.0,0.0,4.961851289852283,
60,6.17534,0.637285,-0.00904256,0.337287,3598.62,0.17041,0.0,0.7349635362625122,1.0,0.38125085830688477,1,6.147167468717756,-0.010414309512900002,-0.2650364637374878,-0.0,-1.0,0.0,0.0,5.05724222008361,
61,6.45663,0.734678,-0.0115617,0.337903,3598.65,0.205078,0.0,1.0,1.0,0.0,1,6.4188744885682265,-0.010908573234449999,-0.2650364637374878,-0.0,-1.0,0.0,0.0,5.32845497621253,
62,7.14844,0.783145,-0.0153406,0.338736,3598.69,0.24292,0.0,0.4758610725402832,1.0,0.0,1,7.092770352206113,-0.0121071698592,-0.5241389274597168,-0.0,-1.0,0.0,0.0,5.923421504108998,
63,7.84118,0.964057,-0.0193175,0.339648,3598.73,0.284668,0.0,1.0,1.0,0.0,1,7.763985728301708,-0.0133162055232,-0.5241389274597168,-0.0,-1.0,0.0,0.0,6.593427844540593,
64,8.56121,1.14683,-0.024927,0.340817,3598.78,0.330322,0.0,1.0,1.0,0.0,1,8.451858769855379,-0.014589029542850001,-0.0,-0.0,-1.0,0.0,0.0,7.437269740312528,
65,9.35703,1.21378,-0.030557,0.342149,3598.83,0.380371,0.0,0.9243415594100952,1.0,0.0,1,9.209722732928926,-0.01600749228735,-0.07565844058990479,-0.0,-1.0,0.0,0.0,8.171017708464603,
66,10.1254,1.38871,-0.0369847,0.343671,3598.88,0.434326,0.0,1.0,1.0,0.0,1,9.931275927402474,-0.017399031717000003,-0.07565844058990479,-0.0,-1.0,0.0,0.0,8.891179363508503,
67,10.9857,1.27923,-0.0429195,0.345318,3598.94,0.49292,0.0,0.7223966121673584,1.0,0.0,1,10.739905261292076,-0.018967799763,-0.2776033878326416,-0.0,-1.0,0.0,0.0,9.637656445179283,
68,11.8548,0.982336,-0.0470994,0.34685,3599.0,0.556396,0.0,0.1689320206642151,1.0,0.0,1,11.562579586038245,-0.0205591869,-0.5534645915031433,-0.0,-1.0,0.0,0.0,10.375981021687302,
69,12.6199,1.07128,-0.0510719,0.348306,3599.07,0.624268,0.0,0.7488406896591187,1.0,0.0,1,12.281324029355856,-0.021977934447,-0.5799086689949036,-0.0,-1.0,0.0,0.0,11.085373494210385,
70,13.2801,1.47065,-0.0577939,0.350137,3599.14,0.696045,0.0,1.0,1.0,0.0,1,12.874386720562862,-0.0232492718685,-0.25115931034088135,-0.0,-1.0,0.0,0.0,11.7757896555921,
71,13.8806,1.82605,-0.0663479,0.352467,3599.22,0.770996,0.0,1.0,1.0,0.0,1,13.389923134263661,-0.024462267200999997,-0.0,-0.0,-1.0,0.0,0.0,12.36546086706266,
72,14.7747,1.64014,-0.0751813,0.355305,3599.3,0.857666,0.0,0.5381754040718079,1.0,0.0,1,14.17809715275161,-0.026247623917499997,-0.46182459592819214,-0.0,-1.0,0.0,0.0,13.013302150055651,
73,15.6428,1.19302,-0.0800961,0.3577,3599.39,0.941406,0.0,-0.7183860540390015,1.0,0.0,1,14.966855508632692,-0.027977147799999998,-1.2565614581108093,-0.0,-1.0,0.0,0.0,13.56190992339945,
74,16.3892,1.20459,-0.0841268,0.359959,3599.48,1.03003,0.0,1.0,1.0,0.0,1,15.642665806265674,-0.029497200213999996,-1.7183860540390015,-0.0,-1.0,0.0,0.0,14.097652789839975,
75,16.9825,1.61273,-0.0912216,0.362612,3599.57,1.12183,0.0,1.0,1.0,0.0,1,16.138378476277545,-0.030790291450000003,-0.0,-0.0,-1.0,0.0,0.0,15.107588184827545,
76,17.6322,1.75958,-0.100021,0.36576,3599.66,1.2168,0.0,-0.5818030834197998,1.0,0.0,1,16.663749875721916,-0.03224576736,-1.5818030834197998,-0.0,-1.0,0.0,0.0,15.156963183335975,
77,17.7183,2.00408,-0.108434,0.369156,3599.76,1.31372,0.0,0.9189782738685608,0.0,0.0,1,16.655485069874118,-0.032704083774,-1.5007813572883606,-0.0,-1.0,0.0,0.0,15.172546578913611,
78,18.3446,1.85898,-0.117684,0.37287,3599.86,1.41187,0.0,0.01900497078895569,1.0,0.0,1,17.140771483112,-0.03420075501,-0.8999733030796051,-0.0,-1.0,0.0,0.0,15.836578737178119,
79,19.1959,1.34843,-0.123593,0.376426,3599.96,1.51465,0.0,0.14577534794807434,1.0,0.0,1,17.866253914057957,-0.036129179267,-0.12677037715911865,-0.0,-1.0,0.0,0.0,16.79209362164322,
80,20.0011,0.748815,-0.125481,0.379632,3600.07,1.62207,0.0,-0.1694718450307846,1.0,0.0,1,18.59225453567698,-0.037965287976,-0.31524719297885895,-0.0,-1.0,0.0,0.0,17.45971508980732,
81,20.2168,-0.0568721,-0.124288,0.382266,3600.18,1.7334,0.0,-0.3903357982635498,1.0,0.0,2,18.80773059736164,-0.038640976343999996,-0.2208639532327652,-0.0,-1.0,0.0,0.0,17.70283043504781,
82,20.1607,-0.387074,-0.121819,0.384246,3600.29,1.84473,0.0,1.0,1.0,0.0,2,18.786350593137346,-0.038733341660999995,-1.3903357982635498,-0.0,-1.0,0.0,0.0,17.33051651199728,
83,20.1559,0.127452,-0.122124,0.386401,3600.4,1.95605,0.0,0.1565445363521576,1.0,0.0,2,18.778078901085706,-0.038941299579499995,-0.8434554636478424,-0.0,-1.0,0.0,0.0,17.486100962411854,
84,20.6873,0.293559,-0.123973,0.388942,3600.52,2.06836,0.0,0.12705665826797485,1.0,0.0,2,19.24947771493037,-0.040230799183,-0.02948787808418274,-0.0,-1.0,0.0,0.0,18.200400552322115,
85,21.2799,-0.0493043,-0.124299,0.391499,3600.63,2.18408,0.0,-0.719572126865387,1.0,0.0,2,19.796589556474434,-0.041655297850500005,-0.8466287851333618,-0.0,-1.0,0.0,0.0,18.500945623083926,
86,21.8816,-0.313228,-0.122316,0.393751,3600.75,2.30322,0.0,-0.14074207842350006,1.0,0.0,2,20.38321598535789,-0.043079509408,-0.5788300484418869,-0.0,-1.0,0.0,0.0,19.166487461417326,
87,22.5467,-0.015384,-0.121711,0.396072,3600.87,2.42603,0.0,0.5945930480957031,1.0,0.0,2,21.011201903447446,-0.044650582812,-0.7353351265192032,-0.0,-1.0,0.0,0.0,19.745950782679685,
88,23.1438,0.548529,-0.124618,0.398932,3601.0,2.552,0.0,0.9073154926300049,1.0,0.0,2,21.525987469894325,-0.046164012108,-0.31272244453430176,-0.0,-1.0,0.0,0.0,20.386006724426032,
89,23.6584,0.857079,-0.129462,0.402397,3601.13,2.68042,0.0,-0.41440117359161377,1.0,0.0,2,21.933256953277738,-0.047600345924000004,-1.3217166662216187,-0.0,-1.0,0.0,0.0,20.48914160748725,
90,24.2993,0.418966,-0.131498,0.405887,3601.26,2.81226,0.0,-0.45170319080352783,1.0,0.0,2,22.496459875911455,-0.0493138498955,-0.03730201721191406,-0.0,-1.0,0.0,0.0,21.43595542085238,
91,24.9443,0.312792,-0.131673,0.409132,3601.4,2.94775,0.0,0.693052351474762,1.0,0.0,2,23.090868828151926,-0.051027556737999996,-1.1447555422782898,-0.0,-1.0,0.0,0.0,21.69641460873044,
92,25.5415,0.749151,-0.135057,0.412727,3601.53,3.08667,0.0,1.0,1.0,0.0,2,23.58936984342051,-0.052708333352500004,-0.30694764852523804,-0.0,-1.0,0.0,0.0,22.44457721551044,
93,26.0603,0.97516,-0.140571,0.41687,3601.68,3.22803,0.0,-0.3791736364364624,1.0,0.0,2,23.977610418666902,-0.054318786305000005,-1.3791736364364624,-0.0,-1.0,0.0,0.0,22.509539541430964,
94,26.6976,0.497159,-0.142993,0.421008,3601.82,3.37256,0.0,-1.0,1.0,0.0,2,24.52283508249339,-0.05619951590400001,-0.6208263635635376,-0.0,-1.0,0.0,0.0,23.28038765752033,
95,27.2173,-0.163098,-0.141485,0.424692,3601.97,3.521,0.0,-0.7611474394798279,1.0,0.0,2,25.026333681135068,-0.057794847858,-0.23885256052017212,-0.0,-1.0,0.0,0.0,23.896883065121017,
96,27.7059,-0.78475,-0.136634,0.42776,3602.12,3.67261,0.0,-0.6888819336891174,1.0,0.0,2,25.560783332196362,-0.05925737892,-0.07226550579071045,-0.0,-1.0,0.0,0.0,24.479846301539148,
97,28.1523,-1.41976,-0.127773,0.43039,3602.29,3.84302,0.0,-1.0,1.0,0.0,2,26.12914404102362,-0.060582341985,-0.31111806631088257,-0.0,-1.0,0.0,0.0,24.975226279145353,
98,28.5035,-1.89008,-0.117301,0.432057,3602.45,4.00024,0.0,-0.21891753375530243,1.0,0.0,2,26.639714014224996,-0.0615756834975,-0.7810824662446976,-0.0,-1.0,0.0,0.0,25.343813590854086,
99,29.1341,-1.73728,-0.106999,0.43332,3602.61,4.16064,0.0,0.6145768761634827,1.0,0.0,2,27.411796657541863,-0.06312194106,-0.8334944099187851,-0.0,-1.0,0.0,0.0,26.098626393506226,
100,29.7051,-1.80618,-0.0986188,0.434563,3602.77,4.32446,0.0,-0.6258043646812439,1.0,0.0,2,28.09839852081343,-0.0645436868565,-1.2403812408447266,-0.0,-1.0,0.0,0.0,26.661740461703513,
101,30.2114,-2.08709,-0.0880311,0.435352,3602.94,4.49121,0.0,-0.6598606109619141,1.0,0.0,2,28.766359791717836,-0.065762967064,-0.034056246280670166,-0.0,-1.0,0.0,0.0,27.690379950769636,
102,30.7956,-2.00635,-0.0771292,0.435781,3603.11,4.66113,0.0,-0.4713992476463318,1.0,0.0,2,29.517602383095998,-0.067100686818,-0.18846136331558228,-0.0,-1.0,0.0,0.0,28.39396328728332,
103,31.4705,-1.54338,-0.0692881,0.436234,3603.28,4.83447,0.0,0.18031372129917145,1.0,0.0,2,30.305594367543442,-0.068642510485,-0.6517129689455032,-0.0,-1.0,0.0,0.0,29.041437966374794,
104,32.0741,-0.832844,-0.0660728,0.437147,3603.46,5.01123,0.0,0.34949684143066406,1.0,0.0,2,30.9452718935564,-0.0701054829635,-0.16918312013149261,-0.0,-1.0,0.0,0.0,29.824411474553454,
105,32.6239,-0.129384,-0.066973,0.438725,3603.64,5.19092,0.0,1.0,1.0,0.0,2,31.459118278202666,-0.0715646026375,-0.6505031585693359,-0.0,-1.0,0.0,0.0,30.192402727994363,
106,33.0753,0.521387,-0.0712922,0.441027,3603.82,5.37305,0.0,1.0,1.0,0.0,2,31.813274728448278,-0.0729355016655,-0.0,-0.0,-1.0,0.0,0.0,30.740339226782776,
107,33.4369,1.07956,-0.0782331,0.444087,3604.0,5.55713,0.0,-0.7766286134719849,1.0,0.0,2,32.028025883947016,-0.07424446305150001,-1.7766286134719849,-0.0,-1.0,0.0,0.0,30.42079283685392,
108,33.9078,1.2236,-0.0863932,0.447778,3604.19,5.74292,0.0,0.02429172396659851,1.0,0.0,2,32.318458104655974,-0.07591583434200001,-0.8009203374385834,-0.0,-1.0,0.0,0.0,31.002266169082404,
109,34.4795,1.38778,-0.0936616,0.451775,3604.38,5.93188,0.0,1.0,1.0,0.0,2,32.71603212561291,-0.0778848805625,-0.9757082760334015,-0.0,-1.0,0.0,0.0,31.345434762240394,
110,35.035,1.39466,-0.102459,0.456266,3604.57,6.12329,0.0,0.12683802843093872,1.0,0.0,2,33.05957791064323,-0.07992639655,-0.8731619715690613,-0.0,-1.0,0.0,0.0,31.717702922622507,
111,35.6819,1.02634,-0.107784,0.460782,3604.77,6.31812,0.0,0.16144061088562012,1.0,0.0,2,33.55558748993782,-0.08220788622900001,-0.034602582454681396,-0.0,-1.0,0.0,0.0,32.46299882897242,
112,36.2787,0.516566,-0.110153,0.465132,3604.96,6.5166,0.0,-0.7700204849243164,1.0,0.0,2,34.06475978418057,-0.08437192144200001,-0.9314610958099365,-0.0,-1.0,0.0,0.0,32.70094953399559,
113,36.8278,-0.110291,-0.108351,0.468993,3605.17,6.71851,0.0,-1.0,1.0,0.0,2,34.6205704257177,-0.08635990202700002,-0.2299795150756836,-0.0,-1.0,0.0,0.0,33.465216669168,
114,37.2832,-0.700408,-0.102986,0.47223,3605.37,6.92358,0.0,-1.0,1.0,0.0,2,35.169227740484445,-0.08803122767999999,-0.0,-0.0,-1.0,0.0,0.0,34.081196512804446,
115,37.6508,-1.19817,-0.0949844,0.474771,3605.58,7.13135,0.0,-0.5076116323471069,1.0,0.0,2,35.69565242480835,-0.08937753983399999,-0.49238836765289307,-0.0,-1.0,0.0,0.0,34.45855837467849,
116,38.045,-1.61355,-0.0847567,0.476624,3605.79,7.34155,0.0,-0.7108004093170166,1.0,0.0,2,36.298075228680226,-0.0906658004,-0.20318877696990967,-0.0,-1.0,0.0,0.0,35.146452795189255,
117,38.4843,-1.77795,-0.0728896,0.477815,3606.0,7.55444,0.0,0.9965771436691284,1.0,0.0,2,36.98080274387282,-0.09194187902249999,-1.707377552986145,-0.0,-1.0,0.0,0.0,35.37664759895448,
118,39.1511,-1.24349,-0.06436,0.478878,3606.22,7.77026,0.0,1.0,1.0,0.0,2,37.811029159315694,-0.093743002329,-0.003422856330871582,-0.0,-1.0,0.0,0.0,36.71625930008744,
119,39.7565,-0.55951,-0.0616191,0.480365,3606.44,7.9895,0.0,0.7633301615715027,1.0,0.0,2,38.45694298825297,-0.09548815561250001,-0.23666983842849731,-0.0,-1.0,0.0,0.0,37.29045388111192,
120,40.2951,0.058433,-0.063515,0.482478,3606.66,8.21143,0.0,0.3042100667953491,1.0,0.0,2,38.93503756356567,-0.09720749628900001,-0.45912009477615356,-0.0,-1.0,0.0,0.0,37.70009403884382,
121,40.4067,0.630908,-0.0685223,0.485279,3606.88,8.43555,0.0,0.6996799111366272,1.0,0.0,3,38.92857929245516,-0.09804261484650001,-0.3954698443412781,-0.0,-1.0,0.0,0.0,37.71189572430628,
122,40.2915,1.05916,-0.075332,0.488736,3607.11,8.65869,0.0,0.9183101654052734,1.0,0.0,3,38.66104407892694,-0.09845953272,-0.21863025426864624,-0.0,-1.0,0.0,0.0,37.49699546992635,
123,40.1448,1.52934,-0.0848244,0.492909,3607.33,8.88086,0.0,-0.2242010086774826,1.0,0.0,3,38.29987383430777,-0.098938666116,-1.142511174082756,-0.0,-1.0,0.0,0.0,36.858181815966944,
124,40.5345,1.49628,-0.0957802,0.497732,3607.55,9.10303,0.0,-1.0,1.0,0.0,3,38.41047887939793,-0.10087658877,-0.7757989913225174,-0.0,-1.0,0.0,0.0,37.076862593231176,
125,41.0665,0.863507,-0.101937,0.502545,3607.78,9.32813,0.0,-0.305960088968277,1.0,0.0,3,38.763845734682306,-0.1031888212125,-0.694039911031723,-0.0,-1.0,0.0,0.0,37.45244494016029,
126,41.5203,0.153309,-0.101978,0.506889,3608.0,9.5564,0.0,-1.0,1.0,0.0,3,39.191180543274115,-0.1052309167335,-0.694039911031723,-0.0,-1.0,0.0,0.0,37.8777376532311,
127,41.927,-0.497592,-0.0975741,0.510564,3608.23,9.78711,0.0,-1.0,1.0,0.0,3,39.68532057008064,-0.10703208414000001,-0.0,-0.0,-1.0,0.0,0.0,38.57828848594064,
128,42.2256,-1.03397,-0.0900121,0.512797,0.00982084,10.0088,0.0,-0.2886030972003937,1.0,0.0,3,40.15681353405281,-0.108265805016,-0.7113969027996063,-0.0,-1.0,0.0,0.0,38.83512865819692,
129,42.6391,-1.31885,-0.0794528,0.51503,0.250157,10.2491,0.0,-0.37750178575515747,1.0,0.0,3,40.81246953770117,-0.109802078365,-0.0888986885547638,-0.0,-1.0,0.0,0.0,39.67599785276974,
130,43.1821,-1.04727,-0.06999,0.516856,0.493296,10.4923,0.0,0.4771997332572937,1.0,0.0,3,41.566453116477305,-0.111594637388,-0.8547015190124512,-0.0,-1.0,0.0,0.0,40.198448023385566,
131,43.7121,-0.41014,-0.0660657,0.518929,0.739513,10.7385,0.0,0.6356182098388672,1.0,0.0,3,42.17385501301405,-0.11341738170449998,-0.1584184765815735,-0.0,-1.0,0.0,0.0,41.01291208833508,
132,44.1611,0.200707,-0.0668571,0.521556,0.988314,10.9873,0.0,0.3739693760871887,1.0,0.0,3,42.587297513201406,-0.115162433358,-0.26164883375167847,-0.0,-1.0,0.0,0.0,41.3936404297179,
133,44.6302,0.414798,-0.0699214,0.524719,1.23942,11.2384,0.0,-0.5022796988487244,1.0,0.0,3,42.962113912445396,-0.11709156956900002,-0.8762490749359131,-0.0,-1.0,0.0,0.0,41.582147620395624,
134,45.0055,0.436014,-0.0717112,0.528033,1.49308,11.492,0.0,0.13021358847618103,1.0,0.0,3,43.277512788244266,-0.11882194590749999,-0.6324932873249054,-0.0,-1.0,0.0,0.0,41.96894285613929,
135,45.5478,0.0643777,-0.0726417,0.531314,1.74915,11.7481,0.0,-0.7876006364822388,1.0,0.0,3,43.774798883604504,-0.12100091904600001,-0.9178142249584198,-0.0,-1.0,0.0,0.0,42.37845369707098,
136,46.0255,-0.436616,-0.0686385,0.534136,2.00853,12.0075,0.0,-0.7571110129356384,1.0,0.0,3,44.33880323534213,-0.12291938234000002,-0.030489623546600342,-0.0,-1.0,0.0,0.0,43.20673696593815,
137,46.4563,-0.810798,-0.0610133,0.536308,2.27068,12.2697,0.0,1.0,1.0,0.0,3,44.9535102325424,-0.124574426702,-1.7571110129356384,-0.0,-1.0,0.0,0.0,43.30180250195971,
138,46.9914,-0.525997,-0.0547094,0.538172,2.53568,12.5347,0.0,-0.024482041597366333,1.0,0.0,3,45.63629762413427,-0.12644727860399999,-1.0244820415973663,-0.0,-1.0,0.0,0.0,44.20250573305106,
139,47.498,-0.0206061,-0.0526876,0.54026,2.8037,12.8027,0.0,0.3096940517425537,1.0,0.0,3,46.181389452981286,-0.1283063474,-0.33417609333992004,-0.0,-1.0,0.0,0.0,44.95283027757931,
140,47.5546,0.209458,-0.0537395,0.542768,3.07323,13.0722,0.0,-0.11336472630500793,0.0,0.0,3,46.20878397615107,-0.129055575664,-0.42305877804756165,-0.0,-1.0,0.0,0.0,44.952810767072805,
141,47.9396,-0.28035,-0.0512155,0.545067,3.34378,13.3427,0.0,-0.7416478395462036,1.0,0.0,3,46.64965161908059,-0.13065146976599998,-0.6282831132411957,-0.0,-1.0,0.0,0.0,45.33051521534223,
142,48.3979,-0.626857,-0.0446244,0.546758,3.61715,13.6161,0.0,-0.2110649049282074,1.0,0.0,3,47.27021446508886,-0.132309695041,-0.5305829346179962,-0.0,-1.0,0.0,0.0,45.97872988966246,
143,48.848,-1.01402,-0.035724,0.547834,3.8933,13.8923,0.0,-0.43054842948913574,1.0,0.0,3,47.944495902408185,-0.13380297616000003,-0.21948352456092834,-0.0,-1.0,0.0,0.0,46.74484786887991,
144,49.3313,-0.965339,-0.0251993,0.548236,4.17214,14.1711,0.0,0.5244210362434387,1.0,0.0,3,48.69414669044473,-0.135225972934,-0.9549694657325745,-0.0,-1.0,0.0,0.0,47.272429877790955,
145,49.8735,-0.335555,-0.0199285,0.548676,4.45395,14.4529,0.0,0.4459264278411865,1.0,0.0,3,49.366677690028204,-0.13682196243,-0.0784946084022522,-0.0,-1.0,0.0,0.0,48.20630734507753,
146,50.3625,-0.0510807,-0.0191841,0.549477,4.73857,14.7375,0.0,0.005909085273742676,1.0,0.0,3,49.870182849122756,-0.13836517706249998,-0.44001734256744385,-0.0,-1.0,0.0,0.0,48.59981246929003,
147,50.8986,0.368674,-0.0198289,0.550606,5.05489,15.0539,0.0,1.0,1.0,0.0,3,50.38399548136573,-0.14012537275800002,-0.9940909147262573,-0.0,-1.0,0.0,0.0,48.945642834189854,
148,51.3559,0.858109,-0.0248459,0.552391,5.37419,15.3732,0.0,1.0,1.0,0.0,3,50.702123196302985,-0.1418426847845,-0.0,-0.0,-1.0,0.0,0.0,49.560280511518485,
149,51.6796,1.2474,-0.0333321,0.554977,5.69584,15.6948,0.0,1.0,1.0,0.0,3,50.789758574395734,-0.14340494684600003,-0.0,-0.0,-1.0,0.0,0.0,49.646353627549736,
150,51.9394,1.52539,-0.0443153,0.558421,6.019,16.018,0.0,-0.9030394554138184,1.0,0.0,3,50.73792945948838,-0.145020258437,-1.9030394554138184,-0.0,-1.0,0.0,0.0,49.02199736442723,
151,52.2723,1.60663,-0.0567619,0.562681,6.34365,16.3426,0.0,0.41856274008750916,1.0,0.0,3,50.70537317505057,-0.1470631501815,-1.3216021955013275,-0.0,-1.0,0.0,0.0,49.16182936621867,
152,52.8274,1.11839,-0.0670228,0.567424,6.67097,16.6699,0.0,-1.0,1.0,0.0,3,50.939797563159,-0.149877673088,-1.4185627400875092,-0.0,-1.0,0.0,0.0,49.36435106804475,
153,53.4261,1.04007,-0.072572,0.572184,7.00205,17.001,0.0,0.2721952199935913,1.0,0.0,3,51.34855401840765,-0.152847798012,-1.2721952199935913,-0.0,-1.0,0.0,0.0,49.81404765439757,
154,54.0001,0.6502,-0.076632,0.577189,7.3366,17.3356,0.0,-0.31247803568840027,1.0,0.0,3,51.774577433392984,-0.1558413185945,-0.5846732556819916,-0.0,-1.0,0.0,0.0,50.44333413809389,
155,54.5178,-0.0387895,-0.0740213,0.581655,7.67495,17.6739,0.0,-1.0,1.0,0.0,3,52.35261536734117,-0.15855275479500003,-0.6875219643115997,-0.0,-1.0,0.0,0.0,50.987806023252695,
156,54.9794,-0.509593,-0.0664902,0.585269,8.01673,18.0157,0.0,-0.2266210913658142,1.0,0.0,3,53.03146508425028,-0.160888692293,-0.7733789086341858,-0.0,-1.0,0.0,0.0,51.63856271936702,
157,55.5334,-0.330619,-0.0591513,0.588333,8.36195,18.3609,0.0,-0.032242774963378906,1.0,0.0,3,53.79479728638683,-0.163360659111,-0.1943783164024353,-0.0,-1.0,0.0,0.0,52.5731231323551,
158,56.0707,-0.616312,-0.0524801,0.591087,8.71081,18.7098,0.0,-0.6190356016159058,1.0,0.0,3,54.52288115600555,-0.16571330925450004,-0.5867928266525269,-0.0,-1.0,0.0,0.0,53.181129998755296,
159,56.5329,-1.00184,-0.0414787,0.592972,9.06304,19.062,0.0,-0.7302321195602417,1.0,0.0,3,55.312155607752274,-0.167612133894,-0.11119651794433594,-0.0,-1.0,0.0,0.0,54.11118451847497,
160,56.8841,-1.27165,-0.0267877,0.593801,9.418,19.417,0.0,-0.02573142945766449,1.0,0.0,3,56.101885763814586,-0.1688891773205,-0.7045006901025772,-0.0,-1.0,0.0,0.0,54.72164637946331,
161,57.4392,-0.759822,-0.0135028,0.593882,9.7758,19.7748,0.0,0.5919555425643921,1.0,0.0,3,57.04618053020505,-0.170560534872,-0.6176869720220566,-0.0,-1.0,0.0,0.0,55.69031390372643,
162,57.96,-0.0227537,-0.00862234,0.594144,10.1371,20.136,0.0,1.0,1.0,0.0,3,57.707973185520316,-0.1721829312,-0.4080444574356079,-0.0,-1.0,0.0,0.0,56.413376917089636,
163,58.4402,0.335929,-0.0100007,0.594917,10.5012,20.5002,0.0,0.09836876392364502,1.0,0.0,3,58.145061022206185,-0.173835342317,-0.901631236076355,-0.0,-1.0,0.0,0.0,56.70073630906628,
164,58.996,0.671835,-0.0136528,0.596092,10.8687,20.8677,0.0,1.0,1.0,0.0,3,58.587783906144615,-0.17583521816,-0.901631236076355,-0.0,-1.0,0.0,0.0,57.141459317161704,
165,59.4899,0.993774,-0.021319,0.597979,11.2394,21.2384,0.0,0.6091989278793335,1.0,0.0,3,58.84229688473766,-0.1778685545605,-0.3908010721206665,-0.0,-1.0,0.0,0.0,57.54718800854096,
166,59.9186,1.06964,-0.0315206,0.600639,11.6128,21.6118,0.0,-0.6166989207267761,1.0,0.0,3,58.94465770949495,-0.17994764824800003,-1.2258978486061096,-0.0,-1.0,0.0,0.0,57.39694070666511,
167,60.5201,0.430755,-0.0377349,0.603551,11.9893,21.9883,0.0,-0.10876214504241943,1.0,0.0,3,59.335428147830896,-0.18264744397649998,-0.5079367756843567,-0.0,-1.0,0.0,0.0,58.00039967114909,
168,61.059,-0.201436,-0.0358677,0.605942,12.3699,22.3688,0.0,-0.6815392971038818,1.0,0.0,3,59.92494008338136,-0.18502637025399998,-0.5727771520614624,-0.0,-1.0,0.0,0.0,58.56808056750892,
169,61.5497,-0.550811,-0.0282942,0.607521,12.7536,22.7526,0.0,0.08214104175567627,1.0,0.0,3,60.65443089167549,-0.1870202419095,-0.7636803388595581,-0.0,-1.0,0.0,0.0,59.23830654810812,
170,62.1732,-0.435112,-0.0208176,0.608589,13.141,23.14,0.0,-0.09194755554199219,1.0,0.0,3,61.51262674745432,-0.18926339899500003,-0.17408859729766846,-0.0,-1.0,0.0,0.0,60.271136769270015,
171,62.767,-0.711403,-0.0122116,0.609103,13.5323,23.5312,0.0,-0.35504207015037537,1.0,0.0,3,62.37908682740057,-0.191240704614,-0.2630945146083832,-0.0,-1.0,0.0,0.0,61.108917768404055,
172,63.2199,-1.00416,0.000356734,0.608643,13.9269,23.9258,0.0,-0.6811011433601379,1.0,0.0,3,63.20861963368065,-0.19246644942750005,-0.3260590732097626,-0.0,-1.0,0.0,0.0,61.91833546229022,
173,63.6579,-1.1577,0.0163707,0.607033,14.3239,24.3229,0.0,-0.7224241495132446,1.0,0.0,3,63.12833111970079,-0.19326169314250002,-0.04132300615310669,-0.0,-1.0,0.0,0.0,61.922672524712354,
174,64.0868,-1.128,0.0352825,0.604228,14.7236,24.7225,0.0,1.0,1.0,0.0,3,62.916578048448585,-0.193633070936,-1.7224241495132446,-0.0,-1.0,0.0,0.0,61.20621773265861,
175,64.1682,-1.20783,0.0552031,0.600171,15.1246,25.1236,0.0,-1.0,0.0,0.0,3,62.30020994973514,-0.192559493052,-2.0,-0.0,-1.0,0.0,0.0,60.50765045668314,
176,64.2945,-1.14486,0.0765561,0.594688,15.5247,25.5237,0.0,1.0,1.0,0.0,3,61.64751742361407,-0.19117583808,-2.0,-0.0,-1.0,0.0,0.0,59.85634158553407,
177,64.9032,-0.282157,0.0945258,0.588338,15.927,25.9259,0.0,0.7062088847160339,1.0,0.0,3,61.55050928650556,-0.19092509440799998,-0.29379111528396606,-0.0,-1.0,0.0,0.0,60.271446857512366,
178,65.4836,0.459628,0.102063,0.581932,16.3331,26.332,0.0,1.0,1.0,0.0,3,61.80690171181852,-0.190535011576,-0.29379111528396606,-0.0,-1.0,0.0,0.0,60.528229365657324,
179,66.0158,0.891661,0.100629,0.575826,16.7426,26.7416,0.0,1.0,1.0,0.0,3,62.365888477942846,-0.190068070254,-0.0,-0.0,-1.0,0.0,0.0,61.175820407688846,
180,66.4515,1.12106,0.0934207,0.570277,17.1555,27.1545,0.0,1.0,1.0,0.0,3,63.062275676276855,-0.1894788103275,-0.0,-0.0,-1.0,0.0,0.0,61.872796865949354,
181,66.8002,1.2189,0.0827422,0.56545,17.571,27.57,0.0,1.0,1.0,0.0,3,63.81121882802438,-0.18886086545000003,-0.0,-0.0,-1.0,0.0,0.0,62.62235796257438,
182,67.1434,1.25079,0.069815,0.561455,17.9889,27.9879,0.0,1.0,1.0,0.0,3,64.63792878785448,-0.18848998823500002,-0.0,-0.0,-1.0,0.0,0.0,63.44943879961947,
183,67.4685,1.21077,0.0550831,0.558367,18.4091,28.4081,0.0,1.0,1.0,0.0,3,65.50892363368683,-0.18836091969750002,-0.0,-0.0,-1.0,0.0,0.0,64.32056271398933,
184,67.7874,1.07912,0.038521,0.556239,18.8316,28.8305,0.0,1.0,1.0,0.0,3,66.43181611356533,-0.18852997794300003,-0.0,-0.0,-1.0,0.0,0.0,65.24328613562233,
185,68.1096,0.851169,0.0201411,0.555115,19.2561,29.2551,0.0,1.0,1.0,0.0,3,67.40993090471409,-0.18904330302000003,-0.0,-0.0,-1.0,0.0,0.0,66.22088760169409,
186,68.4434,0.51979,0.00016582,0.555023,19.6827,29.6816,0.0,-0.14267225563526154,1.0,0.0,3,68.43772441676282,-0.189938305991,-1.1426722556352615,-0.0,-1.0,0.0,0.0,66.90498443408123,
187,68.8647,-0.0493236,-0.0202137,0.555913,20.1115,30.1104,0.0,-0.8324441909790039,1.0,0.0,3,68.15467384191217,-0.1914139098555,-0.6897719353437424,-0.0,-1.0,0.0,0.0,66.75632835145355,
188,69.4913,-1.11095,-0.0338902,0.557187,20.5438,30.5427,0.0,-0.6415424942970276,1.0,0.0,3,68.27408522265966,-0.1935982448655,-0.19090169668197632,-0.0,-1.0,0.0,0.0,67.02321646878957,
189,70.1126,-1.711,-0.0354261,0.558192,20.9801,30.9791,0.0,-0.3749798536300659,1.0,0.0,3,68.82696040625481,-0.19568146209600001,-0.26656264066696167,-0.0,-1.0,0.0,0.0,67.55131015195872,
190,70.636,-1.8481,-0.0267646,0.55865,21.4202,31.4191,0.0,-1.0,1.0,0.0,3,69.66554238925193,-0.19730400699999998,-0.6250201463699341,-0.0,-1.0,0.0,0.0,68.28073233834094,
191,71.069,-1.76107,-0.0117776,0.55825,21.863,31.862,0.0,-0.24371232092380524,1.0,0.0,3,70.6455695484671,-0.19837134625000002,-0.7562876790761948,-0.0,-1.0,0.0,0.0,69.22031189849423,
192,71.5292,-1.59196,0.00640258,0.556816,22.3086,32.3076,0.0,-0.6889752149581909,1.0,0.0,3,71.29874975746263,-0.199143015136,-0.4452628940343857,-0.0,-1.0,0.0,0.0,69.9660278741163,
193,71.9905,-1.27888,0.0270029,0.554184,22.7568,32.7558,0.0,-0.09395810961723328,1.0,0.0,3,70.99239740028914,-0.19947991626,-0.5950171053409576,-0.0,-1.0,0.0,0.0,69.61441235242684,
194,72.5107,-0.999089,0.048183,0.550362,23.2078,33.2067,0.0,-1.0,1.0,0.0,3,70.68033013187528,-0.199535669367,-0.9060418903827667,-0.0,-1.0,0.0,0.0,69.20898189539345,
195,72.9963,-0.683386,0.0705388,0.545163,23.6611,33.6601,0.0,0.03268706798553467,1.0,0.0,3,70.24236942444372,-0.1989744094845,-1.0326870679855347,-0.0,-1.0,0.0,0.0,68.73358889456355,
196,73.6127,0.21027,0.0890279,0.538974,24.1173,34.1162,0.0,1.0,1.0,0.0,3,70.04870158056055,-0.198376656849,-0.9673129320144653,-0.0,-1.0,0.0,0.0,68.5601310441072,
197,74.1257,0.260058,0.100105,0.532249,24.5769,34.5758,0.0,-0.8811858892440796,0.7597236633300781,0.0,3,70.05061974104729,-0.19726664849649997,-1.8811858892440796,-0.0,-1.0,0.0,0.0,68.28899732577757,
198,74.6962,0.347883,0.11078,0.524493,25.0387,35.0376,0.0,1.0,1.0,0.0,3,70.10935972520168,-0.195888170133,-1.8811858892440796,-0.0,-1.0,0.0,0.0,68.34911578829546,
199,75.3714,0.88313,0.114636,0.516507,25.5044,35.5034,0.0,1.0,1.0,0.0,3,70.56601678182624,-0.19464927849900002,-0.0,-0.0,-1.0,0.0,0.0,69.37136750332724,
200,75.8954,1.13,0.110697,0.50883,25.974,35.9729,0.0,0.8197687268257141,1.0,0.0,3,71.23874743970772,-0.19308928191,-0.1802312731742859,-0.0,-1.0,0.0,0.0,69.99158877584543,
201,76.3495,1.13217,0.101486,0.501717,26.4467,36.4457,0.0,0.3916611671447754,1.0,0.0,3,72.08910423904298,-0.1915292104575,-0.4281075596809387,-0.0,-1.0,0.0,0.0,70.76914276068119,
202,76.8785,0.627611,0.0906007,0.495143,26.9226,36.9216,0.0,-0.7434795498847961,1.0,0.0,3,73.08532729539792,-0.1903292556275,-1.1351407170295715,-0.0,-1.0,0.0,0.0,71.55445582466155,
203,77.4939,0.438179,0.0823647,0.488754,27.4022,37.4012,0.0,1.0,1.0,0.0,3,74.04341765732775,-0.189377268003,-1.7434795498847961,-0.0,-1.0,0.0,0.0,72.3309965243593,
204,78.0334,0.41721,0.0716949,0.483037,27.8855,37.8845,0.0,0.4464332163333893,1.0,0.0,3,75.03803126727622,-0.18846509717899998,-0.5535667836666107,-0.0,-1.0,0.0,0.0,73.68349613499724,
205,78.5545,0.279593,0.0587764,0.478124,28.3724,38.3714,0.0,0.5068969130516052,1.0,0.0,3,76.11160294978967,-0.18779395879000002,-0.06046369671821594,-0.0,-1.0,0.0,0.0,74.90566988198421,
206,79.1021,-0.156616,0.0448758,0.474009,28.8627,38.8617,0.0,-0.9855369925498962,1.0,0.0,3,77.24817463320369,-0.1874755365945,-1.4924339056015015,-0.0,-1.0,0.0,0.0,75.61296892492874,
207,79.781,-0.986796,0.0372758,0.470047,29.3569,39.3558,0.0,-0.032487839460372925,1.0,0.0,3,78.23897318109353,-0.18750409853500002,-0.9530491530895233,-0.0,-1.0,0.0,0.0,76.76555433663167,
208,80.4497,-0.745254,0.0343575,0.466153,29.8552,39.8542,0.0,0.42411166429519653,1.0,0.0,3,79.02046833623949,-0.1875093450205,-0.45659950375556946,-0.0,-1.0,0.0,0.0,77.69597914009232,
209,80.6544,-0.592641,0.0302266,0.462883,30.3568,40.3557,0.0,-0.24016591906547546,1.0,0.0,4,79.39878942957002,-0.18666775317599998,-0.664277583360672,-0.0,-1.0,0.0,0.0,78.01283840138582,
210,80.5449,-1.02017,0.0327704,0.459508,30.858,40.8569,0.0,-1.0,0.0,0.0,4,79.18214722565803,-0.185055129546,-0.7598340809345245,-0.0,-1.0,0.0,0.0,77.76914187183166,
211,80.4004,-1.2514,0.0437062,0.455269,31.3579,41.3569,0.0,-0.5242065787315369,1.0,0.0,4,78.5671818624905,-0.183019048538,-0.47579342126846313,-0.0,-1.0,0.0,0.0,77.24142478757196,
212,80.5797,-1.03165,0.0596154,0.449872,31.8573,41.8562,0.0,0.1544000804424286,1.0,0.0,4,78.03607938528012,-0.18125275399200003,-0.6786066591739655,-0.0,-1.0,0.0,0.0,76.65124463353592,
213,81.1204,-0.0522907,0.0699509,0.443975,32.356,42.355,0.0,0.3801547586917877,1.0,0.0,4,78.08710540203941,-0.18007714795000002,-0.22575467824935913,-0.0,-1.0,0.0,0.0,76.8393018506146,
214,81.6458,0.12653,0.0708227,0.438299,32.8524,42.8514,0.0,-0.060836061835289,1.0,0.0,4,78.55235219056996,-0.17892636247099997,-0.4409908205270767,-0.0,-1.0,0.0,0.0,77.24112858194084,
215,82.14,-0.304486,0.0745139,0.432184,33.3517,43.3507,0.0,-0.8147592544555664,1.0,0.0,4,78.85461694403459,-0.17749796880000002,-0.7539231926202774,-0.0,-1.0,0.0,0.0,77.45094201744851,
216,82.5984,-0.348927,0.0824722,0.425238,33.8535,43.8524,0.0,0.7708007097244263,1.0,0.0,4,78.91547983223602,-0.175619892096,-1.5855599641799927,-0.0,-1.0,0.0,0.0,77.26419195088603,
217,83.1284,0.31527,0.0861302,0.4181,34.3582,44.3572,0.0,0.652967095375061,1.0,0.0,4,79.24474197146574,-0.17377992020000002,-0.11783361434936523,-0.0,-1.0,0.0,0.0,78.03561196696093,
218,83.5872,0.71918,0.0818563,0.411481,34.8662,44.8652,0.0,0.9597058892250061,1.0,0.0,4,79.89006995473267,-0.171972723216,-0.30673879384994507,-0.0,-1.0,0.0,0.0,78.62607559336168,
219,83.9947,0.804195,0.0719739,0.405661,35.3773,45.3762,0.0,-0.8617887496948242,1.0,0.0,4,80.75713343784894,-0.1703668699835,-1.8214946389198303,-0.0,-1.0,0.0,0.0,79.04031817618949,
220,84.3436,0.742914,0.0588205,0.400768,35.891,45.8899,0.0,1.0,1.0,0.0,4,81.71859769893156,-0.169011079424,-1.8617887496948242,-0.0,-1.0,0.0,0.0,79.99104999459912,
221,84.6997,0.530045,0.043031,0.396973,36.407,46.406,0.0,-0.7161346673965454,1.0,0.0,4,82.79950023361664,-0.16811747004050004,-1.7161346673965454,-0.0,-1.0,0.0,0.0,81.11654236335718,
222,85.1539,-0.285003,0.028883,0.394007,36.9258,46.9248,0.0,-0.480415403842926,1.0,0.0,4,83.88880452650513,-0.16775616338649998,-0.23571926355361938,-0.0,-1.0,0.0,0.0,82.65033258405253,
223,85.6617,-0.358723,0.0211392,0.391357,37.4476,47.4466,0.0,0.8299877643585205,1.0,0.0,4,84.73721859863421,-0.1676215296345,-1.3104031682014465,-0.0,-1.0,0.0,0.0,83.17647611853928,
224,86.1846,-0.51202,0.0128427,0.3895,37.9727,47.9717,0.0,-0.06581830233335495,1.0,0.0,4,85.62408640338596,-0.16784450850000002,-0.8958060666918755,-0.0,-1.0,0.0,0.0,84.1875000748784,
225,86.7408,-0.357824,0.00767155,0.388039,38.5012,48.5002,0.0,0.33333438634872437,1.0,0.0,4,86.4055326197014,-0.168294066456,-0.3991526886820793,-0.0,-1.0,0.0,0.0,85.11749274664078,
226,87.2594,-0.207467,0.000241175,0.387405,39.033,49.032,0.0,0.1472458690404892,1.0,0.0,4,87.24887506946641,-0.169023639285,-0.18608851730823517,-0.002152736520500298,-1.0,0.0,0.0,86.02348669085882,
227,87.8094,-0.242731,-0.00711443,0.387452,39.5681,49.5671,0.0,0.11740243434906006,1.0,0.0,4,87.49482348813687,-0.170109638244,-0.029843434691429138,-4.824302542685402,-1.0,0.0,0.0,85.1096851838141,
228,88.3778,-0.707194,-0.011154,0.387844,40.1067,50.1057,0.0,-1.0,1.0,0.0,4,87.87942966952613,-0.17138399731600001,-1.11740243434906,-7.510887112218754,-1.0,0.0,0.0,84.49510316385073,
229,88.8908,-1.02788,-0.00687353,0.387803,40.6485,50.6475,0.0,-0.5087422132492065,1.0,0.0,4,88.58320578220062,-0.172360594562,-0.49125778675079346,-5.799486374567408,-1.0,0.0,0.0,85.81359625797154,
230,89.3321,-1.02133,0.0038093,0.386964,41.1932,51.1921,0.0,-1.0,1.0,0.0,4,89.16130588938928,-0.172841533722,-0.49125778675079346,-0.0,-1.0,0.0,0.0,87.84108701964203,
231,89.6634,-0.79226,0.0187265,0.385096,41.7401,51.7391,0.0,1.0,1.0,0.0,4,88.80818703578727,-0.172645083432,-2.0,-0.0,-1.0,0.0,0.0,87.03554195235527,
232,89.9736,-0.24983,0.0351969,0.382133,42.2888,52.2878,0.0,0.039767369627952576,1.0,0.0,4,88.33480612898607,-0.17190940844400002,-0.9602326303720474,-0.0,-1.0,0.0,0.0,86.87482693143046,
233,90.5132,0.797144,0.0451645,0.378741,42.84,52.839,0.0,0.4786118268966675,1.0,0.0,4,88.37760294611986,-0.171405299406,-0.4388444572687149,-0.0,-1.0,0.0,0.0,87.07454430953325,
234,91.0293,0.821275,0.0464611,0.375458,43.3946,53.3936,0.0,-0.4796336889266968,1.0,0.0,4,88.81716821908503,-0.17088839459700003,-0.9582455158233643,-0.0,-1.0,0.0,0.0,87.35880616974103,
235,91.0655,0.321221,0.0496181,0.371568,43.951,53.9499,0.0,-0.13487213850021362,0.0,0.0,4,88.69510174816209,-0.16918512852,-0.34476155042648315,-0.0,-1.0,0.0,0.0,87.42248815451414,
236,91.3302,-0.0497819,0.0564435,0.366821,44.5073,54.5062,0.0,-0.8749963045120239,1.0,0.0,4,88.60862591285483,-0.16750917647100003,-0.7401241660118103,-0.0,-1.0,0.0,0.0,87.21907948658028,
237,91.8141,-0.00796462,0.0675077,0.361028,45.0658,55.0648,0.0,0.4191199839115143,1.0,0.0,4,88.50824172620479,-0.165737304474,-1.2941162884235382,-0.0,-1.0,0.0,0.0,86.95426953520372,
238,92.3379,0.77781,0.074981,0.354727,45.6274,55.6264,0.0,0.7825431823730469,1.0,0.0,4,88.61990164561507,-0.16377373126650002,-0.3634231984615326,-2.270725069285092,-1.0,0.0,0.0,86.77941968748884,
239,92.8757,0.697589,0.0748794,0.348527,46.1923,56.1912,0.0,-0.5660377144813538,1.0,0.0,4,89.14145829357162,-0.16184844546949997,-1.3485808968544006,-2.9835245896785523,-1.0,0.0,0.0,86.82915443162615,
240,93.4651,0.723802,0.0749264,0.34202,46.7605,56.7595,0.0,1.0,1.0,0.0,4,89.70464135955633,-0.15983466751000003,-1.5660377144813538,-3.8045401088193103,-1.0,0.0,0.0,87.1238603504971,
241,94.0149,0.906162,0.0687225,0.335956,47.3324,57.3314,0.0,0.3902091383934021,1.0,0.0,4,90.56505413854299,-0.15792434872199998,-0.6097908616065979,-2.589389336947093,-1.0,0.0,0.0,88.57684519710223,
242,94.5111,0.798657,0.0571375,0.33071,47.9078,57.9068,0.0,0.7560397982597351,1.0,0.0,4,91.65827198015938,-0.156278829405,-0.365830659866333,-0.0,-1.0,0.0,0.0,90.39224395279449,
243,94.8983,0.477909,0.0418733,0.3265,48.4862,58.4852,0.0,0.24381175637245178,1.0,0.0,4,92.82884415702925,-0.15492147475000004,-0.5122280418872833,-0.0,-1.0,0.0,0.0,91.52025426971306,
244,95.2814,-0.295274,0.0267436,0.323274,49.067,59.066,0.0,-0.3656615912914276,0.9802513122558594,0.0,4,93.97339648774285,-0.15400999651800001,-0.6094733476638794,-0.0,-1.0,0.0,0.0,92.63654448692569,
245,95.8325,-1.2034,0.0208576,0.32017,49.6508,59.6497,0.0,-0.8197280764579773,1.0,0.0,4,94.81230978213217,-0.153413457625,-0.4540664851665497,-0.0,-1.0,0.0,0.0,93.5226763789572,
246,96.3438,-1.16291,0.024153,0.316693,50.2379,60.2369,0.0,0.7794169187545776,1.0,0.0,4,95.15231666989425,-0.152557035267,-1.599144995212555,-0.0,-1.0,0.0,0.0,93.52001613606349,
247,96.8871,-0.345687,0.024914,0.313515,50.8281,60.8271,0.0,0.535828173160553,1.0,0.0,4,95.65023453460209,-0.1518777957825,-0.24358874559402466,-0.0,-1.0,0.0,0.0,94.42528011514139,
248,97.4519,-0.159216,0.0200266,0.311093,51.4219,61.4209,0.0,-0.78206866979599,1.0,0.0,4,96.45660851016876,-0.15158301963350002,-1.317896842956543,-0.0,-1.0,0.0,0.0,94.9096564376483,
249,98.069,-0.730247,0.019057,0.30872,52.0193,62.0183,0.0,-1.0,1.0,0.0,4,97.11679880947649,-0.1513793084,-0.21793133020401,-0.0,-1.0,0.0,0.0,95.9000401020153,
250,98.5702,-0.773497,0.0250964,0.305751,52.6202,62.6191,0.0,-0.1794462352991104,1.0,0.0,4,97.30241167883268,-0.150689686101,-0.8205537647008896,-0.0,-1.0,0.0,0.0,95.90555586332141,
251,99.1317,-0.0619216,0.0308933,0.302458,53.224,63.2229,0.0,0.31438320875167847,1.0,0.0,4,97.5533891988029,-0.149915878593,-0.4938294440507889,-0.0,-1.0,0.0,0.0,96.25532448699467,
252,99.7585,-0.00537845,0.031527,0.299395,53.8316,63.8306,0.0,-0.3231673836708069,1.0,0.0,4,98.13664391718936,-0.14933598053750002,-0.6375505924224854,-0.0,-1.0,0.0,0.0,96.79604275892511,
253,100.35,-0.342734,0.0368217,0.295767,54.4429,64.4419,0.0,-0.6685847640037537,1.0,0.0,4,98.43486720060044,-0.14840109225,-0.3454173803329468,-0.0,-1.0,0.0,0.0,97.18284089425056,
254,100.443,-0.347481,0.0472368,0.291171,55.0563,65.0553,0.0,-0.30987560749053955,0.0,0.0,5,97.95954001151823,-0.146230443765,-0.3587091565132141,-2.7059650541822435,-1.0,0.0,0.0,96.0292055572537,
255,100.307,0.270634,0.0584769,0.285684,55.6687,65.6677,0.0,0.5126526355743408,1.0,0.0,5,97.20439657100036,-0.14328052494000001,-0.8225282430648804,-7.126864777947446,-1.0,0.0,0.0,94.03264137865403,
256,100.223,0.788721,0.0625874,0.280101,56.2805,66.2795,0.0,0.04797333478927612,1.0,0.0,5,96.89246688327883,-0.140362812615,-0.4646793007850647,-8.69186431383035,-1.0,0.0,0.0,93.43973420197072,
257,100.472,0.3356,0.0652307,0.274216,56.8926,66.8916,0.0,-0.23070833086967468,1.0,0.0,5,96.98371335665081,-0.13775514976000003,-0.2786816656589508,-10.044296280398655,-1.0,0.0,0.0,93.25127963709346,
258,100.935,0.576418,0.0702861,0.267627,57.5068,67.5058,0.0,0.5208789706230164,1.0,0.0,5,97.14154242036666,-0.135064656225,-0.751587301492691,-12.373455298024538,-1.0,0.0,0.0,92.68763774918773,
259,101.396,1.0146,0.0675974,0.261314,58.124,68.123,0.0,0.6842862963676453,1.0,0.0,5,97.73998468022324,-0.13248097171999998,-0.1634073257446289,-12.200636891820437,-1.0,0.0,0.0,93.50832228782474,
260,101.772,0.96903,0.0573599,0.255795,58.7441,68.7431,0.0,1.0,1.0,0.0,5,98.68740733874859,-0.13016384370000003,-0.31571370363235474,-9.279941962566326,-1.0,0.0,0.0,95.1425438933173,
261,102.036,0.618212,0.0425169,0.251324,59.3664,69.3654,0.0,0.5762319564819336,1.0,0.0,5,99.77531558132725,-0.12822047832,-0.4237680435180664,-3.827161293903913,-1.0,0.0,0.0,97.56317436647583,
262,102.323,0.0244254,0.0256185,0.248027,59.9905,69.9895,0.0,0.1635163426399231,1.0,0.0,5,100.9788866339147,-0.126894333605,-0.4127156138420105,-0.0,-1.0,0.0,0.0,99.7281776161571,
263,102.73,-0.513496,0.00852069,0.245856,60.617,70.616,0.0,1.0,1.0,0.0,5,102.28861086675037,-0.12628393440000002,-0.8364836573600769,-0.0,-1.0,0.0,0.0,100.91138183514235,
264,103.059,-1.07783,-0.00963569,0.245008,61.246,71.245,0.0,-0.49013322591781616,1.0,0.0,5,102.55770109767732,-0.12625139736,-1.4901332259178162,-12.399655197602485,-1.0,0.0,0.0,97.88449593314137,
265,103.486,-2.11958,-0.0230152,0.245101,61.8771,71.8761,0.0,-1.0,1.0,0.0,5,102.26782261012312,-0.12682261043,-0.5098667740821838,-19.603167429801232,-1.0,0.0,0.0,96.08724811001815,
266,103.987,-2.5826,-0.0238003,0.245187,62.5114,72.5104,0.0,-1.0,1.0,0.0,5,102.72020537577156,-0.127481302845,-0.0,-20.460448532816812,-1.0,0.0,0.0,96.47761193972235,
267,104.408,-2.2747,-0.0137644,0.244798,63.1485,73.1475,0.0,-0.837560772895813,1.0,0.0,5,103.67957560545031,-0.12779434792,-0.162439227104187,-15.999023080232405,-1.0,0.0,0.0,98.50329371934095,
268,104.692,-1.58842,0.00277165,0.243547,63.7877,73.7867,0.0,-0.7180882692337036,1.0,0.0,5,104.5465132708546,-0.12748711261999998,-0.11947250366210938,-5.9189510443258655,-1.0,0.0,0.0,101.9034466460545,
269,104.977,-0.706218,0.0225077,0.241162,64.4282,74.4272,0.0,-0.206792414188385,1.0,0.0,5,103.76911496353165,-0.12658231637,-0.5112958550453186,-0.0,-1.0,0.0,0.0,102.48914389064805,
270,105.367,0.655332,0.0406504,0.237792,65.0706,75.0696,0.0,0.49049103260040283,1.0,0.0,5,103.13893929406994,-0.12527714832,-0.6972834467887878,-6.872289482124984,-1.0,0.0,0.0,100.08640474118206,
271,105.855,1.58902,0.0477872,0.234255,65.7159,75.7149,0.0,0.11210602521896362,1.0,0.0,5,103.20586239205203,-0.12398531512500001,-0.3783850073814392,-10.519248049328311,-1.0,0.0,0.0,99.33854956238052,
272,106.384,1.60575,0.0461467,0.230797,66.3643,76.3633,0.0,0.12856850028038025,1.0,0.0,5,103.81698262192971,-0.12276554024000001,-0.016462475061416626,-10.51391290292888,-1.0,0.0,0.0,100.06080011343907,
273,106.915,0.771431,0.0432654,0.227186,67.0158,77.0148,0.0,-0.23180696368217468,1.0,0.0,5,104.50281017410273,-0.12144795595,-0.36037546396255493,-9.979062391701191,-1.0,0.0,0.0,100.77848398103868,
274,107.419,0.56714,0.0446403,0.222955,67.6704,77.6694,0.0,0.05283409357070923,1.0,0.0,5,104.91517585950947,-0.11974801572499999,-0.2846410572528839,-11.230784505585092,-1.0,0.0,0.0,100.90233940021236,
275,107.934,0.720351,0.0420218,0.218836,68.3282,78.3272,0.0,0.137735515832901,1.0,0.0,5,105.57159426749399,-0.11809922412,-0.08490142226219177,-10.794982092672996,-1.0,0.0,0.0,101.72927909352708,
276,108.409,0.723735,0.0342559,0.215289,68.9891,78.9881,0.0,1.0,1.0,0.0,5,106.48893824556203,-0.116696326005,-0.862264484167099,-7.871556229034766,-1.0,0.0,0.0,103.14567351704821,
277,108.847,0.32839,0.0218342,0.212674,69.6528,79.6518,0.0,-0.6299221515655518,1.0,0.0,5,107.63285642134042,-0.11574463439,-1.6299221515655518,-1.8496542385279469,-1.0,0.0,0.0,105.56572158184878,
278,109.376,-0.748332,0.0132065,0.210512,70.3195,80.3186,0.0,-0.3205414414405823,1.0,0.0,5,108.64424583698182,-0.11512480256,-0.3093807101249695,-0.0,-1.0,0.0,0.0,107.43630682138433,
279,109.914,-0.751805,0.012639,0.208172,70.9895,80.9885,0.0,1.0,1.0,0.0,5,109.21063801817779,-0.11440508603999999,-1.3205414414405823,-0.495581075213849,-1.0,0.0,0.0,107.57617523090215,
280,110.438,-0.382324,0.00964347,0.206353,71.6629,81.6619,0.0,0.11125193536281586,1.0,0.0,5,109.9003703488244,-0.11394606307000002,-0.8887480646371841,-3.65242794084962,-1.0,0.0,0.0,107.60669288115083,
281,110.968,-0.784454,0.00744726,0.204887,72.3393,82.3383,0.0,-1.0,1.0,0.0,5,110.55172282393102,-0.11367950308000001,-1.1112519353628159,-5.980275003217642,-1.0,0.0,0.0,107.60959898943777,
282,111.497,-0.506806,0.0108903,0.203096,73.0191,83.0181,0.0,0.36128944158554077,1.0,0.0,5,110.8832824803296,-0.11322297356,-1.3612894415855408,-3.367610840530503,-1.0,0.0,0.0,108.51976996416131,
283,112.033,-0.481584,0.0130371,0.201378,73.7021,83.7011,0.0,-0.9140040874481201,1.0,0.0,5,111.29320721089391,-0.11280490737,-1.2752935290336609,-1.7619448676580305,-1.0,0.0,0.0,109.3573280278993,
284,112.503,-0.559768,0.021058,0.198957,74.3883,84.3873,0.0,-0.7266817688941956,1.0,0.0,5,111.29360024900814,-0.111916296855,-0.18732231855392456,-5.660401753794858,-1.0,0.0,0.0,108.71038681813825,
285,112.926,-0.199964,0.0342507,0.195475,75.0769,85.0759,0.0,-0.10815238952636719,1.0,0.0,5,110.92624995592928,-0.11037104925000002,-0.6185293793678284,-13.208960332749555,-1.0,0.0,0.0,106.32808000968154,
286,113.354,0.831819,0.0467587,0.191116,75.768,85.767,0.0,0.5647250413894653,1.0,0.0,5,110.58092809781688,-0.10831881532,-0.6728774309158325,-19.288771567810457,-1.0,0.0,0.0,104.44855316126952,
287,113.831,1.55109,0.0484787,0.186825,76.4619,86.4609,0.0,0.8811072111129761,1.0,0.0,5,110.93915546793184,-0.106332382875,-0.31638216972351074,-20.61741300754487,-1.0,0.0,0.0,104.58355518225358,
288,114.32,1.31551,0.0407713,0.183084,77.1589,87.1579,0.0,-0.8981810808181763,1.0,0.0,5,111.89515425563405,-0.1046508144,-1.7792882919311523,-18.078952624153118,-1.0,0.0,0.0,105.73697879761642,
289,114.829,0.85313,0.0294657,0.179941,77.859,87.858,0.0,0.9506486058235168,1.0,0.0,5,113.08764112204021,-0.103312225445,-1.8488296866416931,-13.410966100697848,-1.0,0.0,0.0,108.07693846542824,
290,115.259,0.267973,0.0136447,0.177857,78.5621,88.5611,0.0,1.0,1.0,0.0,5,114.46195799162652,-0.102498099815,-0.049351394176483154,-4.769297312373936,-1.0,0.0,0.0,112.1523301454651,
291,115.55,-0.51305,-0.00527124,0.177096,79.2674,89.2664,0.0,1.0,1.0,0.0,5,115.24385018858327,-0.102317214,-0.0,-18.194420807023093,-1.0,0.0,0.0,109.5929277728275,
292,115.744,-1.37402,-0.025725,0.177805,79.9742,89.9732,0.0,-1.0,1.0,0.0,5,114.21711083149357,-0.1028993096,-2.0,-29.448897010316983,-1.0,0.0,0.0,105.15198726931433,
293,115.925,-2.30665,-0.0467267,0.180056,80.6822,90.6812,0.0,-1.0,1.0,0.0,5,113.09105772316109,-0.104364959,-0.0,-37.869542791679194,-1.0,0.0,0.0,102.5193070662413,
294,116.234,-3.60623,-0.064085,0.183576,81.3914,91.3904,0.0,-1.0,1.0,0.0,5,112.2735225424291,-0.10668886391999999,-0.0,-43.54360998866494,-1.0,0.0,0.0,100.28093118134288,
295,116.715,-4.26491,-0.0678441,0.187385,82.1032,92.1022,0.0,-1.0,1.0,0.0,5,112.49031832823397,-0.10935320137500001,-0.0,-45.185436880965085,-1.0,0.0,0.0,100.0846059066177,
296,117.184,-3.66835,-0.0580474,0.190953,82.8182,92.8172,0.0,-0.5505215525627136,1.0,0.0,5,113.58742607372973,-0.11188318176,-0.4494784474372864,-43.14380551079029,-1.0,0.0,0.0,101.55474798004097,
297,117.601,-2.43595,-0.0397236,0.19388,83.5357,93.5347,0.0,-0.545744001865387,1.0,0.0,5,115.1730738075382,-0.1140024094,-0.00477755069732666,-37.781152844045096,-1.0,0.0,0.0,104.61234992191773,
298,117.949,-1.03085,-0.0170589,0.195739,84.2555,94.2545,0.0,-1.0,1.0,0.0,5,116.92584717395543,-0.11543609655499999,-0.45425599813461304,-28.456108662195973,-1.0,0.0,0.0,108.56010711241106,
299,118.168,0.401817,0.00758375,0.196199,84.9771,94.9761,0.0,-1.0,1.0,0.0,5,117.71652791265426,-0.11592221716000001,-0.0,-12.49275408119459,-1.0,0.0,0.0,113.4774171751956,
300,118.343,1.82111,0.0329682,0.1951,85.6998,95.6988,0.0,-0.7147700190544128,1.0,0.0,5,116.32826770943743,-0.1154435965,-0.28522998094558716,-18.02371770591658,-1.0,0.0,0.0,110.62132569217461,
301,118.504,3.2092,0.0583576,0.192352,86.4236,96.4226,0.0,1.0,1.0,0.0,5,114.8464258945798,-0.11397240704,-1.7147700190544128,-28.72819925169145,-1.0,0.0,0.0,106.03597266890063,
302,118.736,4.78063,0.0813649,0.188072,87.1485,97.1475,0.0,0.7528352737426758,1.0,0.0,5,113.51804263295179,-0.11165458496,-0.24716472625732422,-36.177569782365666,-1.0,0.0,0.0,103.28784618452319,
303,119.096,5.38532,0.0978186,0.182601,87.8752,97.8742,0.0,-0.5593283176422119,1.0,0.0,5,112.7110532329502,-0.10873524348000001,-1.3121635913848877,-40.84035739194266,-1.0,0.0,0.0,100.99857956406908,
304,119.432,5.72456,0.112789,0.175489,88.6037,98.6027,0.0,0.48014938831329346,1.0,0.0,5,111.95209972117432,-0.10479501124000001,-1.0394777059555054,-44.64580876124256,-1.0,0.0,0.0,99.37400920783703,
305,119.849,6.13669,0.11856,0.167422,89.3342,99.3332,0.0,0.24443978071212769,1.0,0.0,5,111.91964303505509,-0.10032679639,-0.23570960760116577,-46.45715304136297,-1.0,0.0,0.0,99.134315096044,
306,120.391,5.38655,0.110496,0.159139,90.0676,100.067,0.0,0.5235059261322021,1.0,0.0,5,113.01896316601082,-0.095794516745,-0.27906614542007446,-45.66134323643659,-1.0,0.0,5.0,105.42411299653064,
307,120.861,3.81403,0.091326,0.151195,90.804,100.803,0.0,0.8896961212158203,1.0,0.0,5,114.84612595645454,-0.09136789447499999,-0.36619019508361816,-42.125361309506104,-1.0,0.0,0.0,103.11356067607794,
308,121.224,1.95232,0.0661253,0.144169,91.5429,101.542,0.0,1.0,1.0,0.0,5,116.9540007704791,-0.08738371428,-0.11030387878417969,-35.81569127069663,-1.0,0.0,0.0,106.8796030748897,
309,121.516,0.0192196,0.0382738,0.138466,92.2838,102.283,0.0,0.8471930027008057,1.0,0.0,5,119.10213562434791,-0.08412917228000001,-0.15280699729919434,-26.027060326339367,-1.0,0.0,0.0,111.46539927129331,
310,121.576,-1.78509,0.00994329,0.134328,93.0263,103.025,0.0,1.0,0.6671314239501953,0.0,5,120.96556724714642,-0.08165530464,-0.15280699729919434,-10.665289967109118,-1.0,0.0,0.0,117.1717473515394,
311,121.581,-3.43655,-0.0178512,0.131923,93.7692,103.768,0.0,-0.0654548704624176,1.0,0.0,5,120.47650294951991,-0.080196651315,-1.0654548704624176,-29.025442630385513,-1.0,0.0,0.0,111.8203091794698,
312,121.671,-5.05728,-0.0451327,0.131282,94.513,104.512,0.0,-1.0,1.0,0.0,5,118.80236318764014,-0.07986606111000001,-0.9345451295375824,-40.774799842019775,-1.0,0.0,0.0,107.24843362716392,
313,121.887,-6.90084,-0.0686101,0.132152,95.2581,105.257,0.0,-0.9600499272346497,1.0,0.0,5,117.42217049057517,-0.08053805412000001,-0.03995007276535034,-48.16997347288077,-1.0,0.0,0.0,104.28715404640538,
314,122.023,-7.90087,-0.0775914,0.13363,96.0051,106.004,0.0,-1.0,1.0,0.19397330284118652,5,116.92665001676573,-0.08152966745,-0.03995007276535034,-50.63258047468834,-1.0,0.0,0.0,103.17499020881405,
315,122.217,-7.08974,-0.069478,0.135268,96.7527,106.752,0.0,-1.0,1.0,0.0,5,117.67985476202634,-0.08266024578,-0.0,-48.86057696833903,-1.0,0.0,0.0,104.38205027416157,
316,122.552,-5.10352,-0.0479858,0.136647,97.5016,107.501,0.0,-1.0,1.0,0.0,5,119.4716811139285,-0.08373181572,-0.0,-42.8841997291252,-1.0,0.0,0.0,107.6668993659272,
317,122.821,-2.74317,-0.0195436,0.137173,98.2518,108.251,0.0,-0.5360512733459473,1.0,0.0,5,121.59743901760082,-0.084238625165,-0.46394872665405273,-31.421481401705407,-1.0,0.0,0.0,112.51864542401324,
318,123.078,-0.299694,0.0104455,0.136453,99.0032,109.002,0.0,1.0,1.0,0.0,5,122.42849169959175,-0.08397181167,-1.5360512733459473,-12.41060642809012,-1.0,0.0,0.0,117.78105289889544,
319,123.564,2.29273,0.0336595,0.134856,99.7568,109.756,0.0,0.25055214762687683,1.0,0.0,5,121.4148513779422,-0.08331673392,-0.7494478523731232,-26.131906724734677,-1.0,0.0,0.0,113.5737236071266,
320,124.087,3.5662,0.041668,0.133176,100.514,110.513,0.0,0.4761465787887573,1.0,0.0,5,121.39481374682643,-0.08262705156,-0.2255944311618805,-30.27577679083383,-1.0,0.0,0.0,112.6755641682094,
321,124.62,3.11985,0.036206,0.131648,101.274,111.273,0.0,-0.5812280178070068,1.0,0.0,5,122.28282533183105,-0.08202986879999999,-1.0573745965957642,-28.497003792016557,-1.0,0.0,0.0,113.75933213604819,
322,125.252,1.61102,0.0305507,0.129749,102.038,112.037,0.0,-0.14593017101287842,1.0,0.0,5,123.28058233645456,-0.08125660874000001,-0.4352978467941284,-26.550486333795263,-1.0,0.0,0.0,115.4311147902275,
323,125.317,0.682183,0.0316239,0.126925,102.804,112.803,0.0,-0.42269429564476013,0.0,0.0,5,123.2731663899706,-0.079529301125,-0.2767641246318817,-27.259963536521255,-1.0,0.0,0.0,115.29561696732571,
324,125.471,0.376841,0.0390672,0.122994,103.57,113.569,0.0,-0.8382415771484375,1.0,0.0,5,122.92498543733737,-0.07716090087000001,-0.41554728150367737,-30.977952636715116,-1.0,0.0,0.0,113.97867219283748,
325,125.777,0.627503,0.0519848,0.117777,104.337,114.336,0.0,-1.0,1.0,0.0,5,122.339313350706,-0.074068188645,-0.1617584228515625,-36.62079550474347,-1.0,0.0,0.0,112.06151875901968,
326,125.997,1.22147,0.0685277,0.111124,105.105,115.104,0.0,0.05250382423400879,1.0,0.0,5,121.38750773808738,-0.07000645314000001,-1.0525038242340088,-42.56049000587333,-1.0,0.0,0.0,109.36162763620885,
327,126.203,2.04449,0.0869949,0.102942,105.874,115.873,0.0,1.0,1.0,0.0,5,120.24315475164086,-0.06495794613,-0.9474961757659912,-48.087055404802285,-1.0,0.0,0.0,106.87218410158049,
328,126.531,3.31012,0.1027,0.0934806,106.645,116.644,0.0,1.0,1.0,0.0,5,119.37835544784289,-0.059140968993000004,-0.0,-52.34362641122817,-1.0,0.0,0.0,105.23330787604284,
329,127.05,3.92568,0.105114,0.0837535,107.418,117.417,0.0,0.839821994304657,1.0,0.0,5,119.68368395804276,-0.053204410875,-0.16017800569534302,-53.699662577463215,-1.0,0.0,0.0,105.15751050109336,
330,127.574,3.05342,0.0952488,0.074268,108.194,118.193,0.0,-0.4524443745613098,1.0,0.0,5,120.92928774274974,-0.047373329160000005,-1.2922663688659668,-52.415766918054814,-1.0,0.0,0.0,106.39029277341625,
331,128.099,1.90737,0.0808479,0.065105,108.974,118.973,0.0,0.6860746145248413,1.0,0.0,5,122.50794770629581,-0.041699426974999995,-1.1385189890861511,-49.7966322197087,-1.0,0.0,0.0,108.67553452766779,
332,128.627,0.613974,0.0618012,0.056882,109.757,119.756,0.0,0.364419162273407,1.0,0.0,5,124.40931810512481,-0.03658280507,-0.3216554522514343,-45.211720824060066,-1.0,0.0,0.0,111.97330845836436,
333,129.037,-0.697195,0.0405401,0.0499177,110.543,120.542,0.0,1.0,1.0,0.0,5,126.31610833769314,-0.0322061512745,-0.635580837726593,-38.27946808115594,-1.0,0.0,0.0,115.52336091481169,
334,129.323,-1.99858,0.0182197,0.0444863,111.332,121.331,0.0,-0.2097979038953781,1.0,0.0,5,128.12348777389934,-0.028765508874500002,-1.2097979038953781,-28.00973532059092,-1.0,0.0,0.0,119.7293490637085,
335,129.585,-3.22563,-0.00413412,0.0406971,112.123,122.122,0.0,0.5176189541816711,1.0,0.0,5,129.31603342921375,-0.026368668517500003,-0.7274168580770493,-19.75208690014638,-1.0,0.0,0.0,123.13341797823652,
336,129.839,-4.44591,-0.0261658,0.0386311,112.916,122.915,0.0,-0.3878769874572754,1.0,0.0,5,128.09607863173892,-0.0250791169645,-0.9054959416389465,-36.73949194544582,-1.0,0.0,0.0,117.61447774592129,
337,130.194,-5.92034,-0.0421222,0.0378449,113.711,123.71,0.0,-1.0,1.0,0.0,5,127.33729871774547,-0.024635894553,-0.6121230125427246,-43.92601752677879,-1.0,0.0,0.0,115.14752153773495,
338,130.665,-6.05983,-0.0424153,0.0373623,114.509,124.508,0.0,-0.32660654187202454,1.0,0.0,5,127.77721391683652,-0.0244097246475,-0.6733934581279755,-44.48770368594754,-1.0,0.0,0.0,115.42886023326375,
339,130.82,-4.13982,-0.0326116,0.0371898,115.309,125.308,0.0,0.4085639715194702,0.0,0.0,5,128.6176948798553,-0.02432584818,-0.7351705133914948,-40.62038137552908,-1.0,0.0,0.0,117.21772253377557,
340,131.068,-2.75836,-0.0232799,0.0377145,116.109,126.108,0.0,-0.6445263624191284,1.0,0.0,5,129.50699804002443,-0.02471582043,-1.0530903339385986,-36.4956657790451,-1.0,0.0,0.0,119.04243867465158,
341,131.124,-1.70955,-0.00754182,0.0376799,116.911,126.91,0.0,-0.3909655511379242,0.0,0.0,5,130.6258187979896,-0.024703696038,-0.2535608112812042,-22.64539381426401,-1.0,0.0,0.0,123.86369840500126,
342,131.227,-0.265867,0.0118176,0.036566,117.712,127.711,0.0,-0.2399207502603531,1.0,0.0,5,130.44246075965822,-0.02399223241,-0.1510448008775711,-28.51618265343228,-1.0,0.0,0.0,122.24410942362688,
343,131.699,1.03021,0.0325193,0.034203,118.515,128.514,0.0,-0.988487720489502,1.0,0.0,5,129.48836772399397,-0.022522504485,-0.7485669702291489,-38.173029275286325,-1.0,0.0,0.0,118.69801780961862,
344,132.091,2.45429,0.0552248,0.0302778,119.321,129.32,0.0,0.6268004775047302,1.0,0.0,5,128.2441311617801,-0.019997124399,-1.6152881979942322,-47.60605696279367,-1.0,0.0,0.0,114.83803333728441,
345,132.147,4.0699,0.0738595,0.0249713,120.129,130.128,0.0,1.0,0.0,0.0,5,126.91099814684193,-0.016499411905499996,-0.3731995224952698,-53.50157800990574,-1.0,0.0,0.0,112.40714437571141,
346,132.249,4.67894,0.0771145,0.0192595,120.936,130.935,0.0,0.6351007223129272,1.0,0.0,5,126.76187037858686,-0.012735248077499999,-0.36489927768707275,-54.69055751950661,-1.0,0.0,0.0,111.96702596732658,
347,132.777,3.83699,0.0655666,0.0138215,121.746,131.745,0.0,1.0,1.0,0.0,5,128.1419493811468,-0.0091758865275,-0.36489927768707275,-52.216056609297326,-1.0,0.0,0.0,113.96928955898886,
348,133.187,2.177,0.0446992,0.00917323,122.558,132.557,0.0,1.0,1.0,0.0,5,130.07828207681732,-0.00610877492005,-0.0,-45.83186277270238,-1.0,0.0,0.0,117.61420760872167,
349,133.447,0.272357,0.0196827,0.00579135,123.373,133.372,0.0,-0.09261256456375122,1.0,0.0,5,132.107937733618,-0.00386419141725,-1.0926125645637512,-35.98815945692766,-1.0,0.0,0.0,121.77924990859972,
350,133.078,-1.69051,-0.00524183,0.00388646,124.188,134.187,0.0,-0.3212161958217621,1.0,0.5247189998626709,5,132.72738719748668,-0.0025860116194,-0.22860363125801086,-29.29853382291853,-1.0,0.0,0.0,124.33158664076024,
351,132.548,-3.45625,-0.0230135,0.00308077,124.999,134.998,0.0,-0.20819377899169922,1.0,0.0,5,130.9878393617353,-0.0020417495098,-0.11302241683006287,-25.510959682173592,-1.0,0.0,0.0,123.57415096663308,
352,132.842,-4.09321,-0.0292486,0.0026722,125.81,135.809,0.0,-0.0965249240398407,1.0,0.0,5,130.84273789460053,-0.0017749019620000002,-0.11166885495185852,-39.22507845266435,-1.0,0.0,0.0,120.0011927229869,
353,132.163,-3.37863,-0.0286851,0.00282145,126.621,136.62,0.0,-0.04284006357192993,1.0,1.0,5,130.2133350681685,-0.0018644564817500001,-0.05368486046791077,-37.63071979900201,-1.0,0.0,0.0,119.78768520379589,
354,131.395,-2.3502,-0.025913,0.00361276,127.426,137.425,0.0,0.10141730308532715,1.0,0.0,5,129.64865887723678,-0.0023734930010000004,-0.14425736665725708,-25.17744212937299,-1.0,0.0,0.0,122.30864764189538,
355,131.299,-1.96899,-0.0230769,0.00487272,128.228,138.227,0.0,-1.0,1.0,0.0,5,129.74918786513285,-0.0031989163164,-1.1014173030853271,-26.046412383352788,-1.0,0.0,0.0,121.90396066205265,
356,131.705,-1.33505,-0.0141721,0.00575304,129.032,139.031,0.0,-0.15283852815628052,1.0,0.0,5,130.75853687624357,-0.003788520666,-0.8471614718437195,-28.577164766247535,-1.0,0.0,0.0,122.35630872246256,
357,132.28,-0.0165228,-0.00667709,0.00646122,129.839,139.838,0.0,0.3454587161540985,1.0,0.0,5,131.83543180513334,-0.004273450908,-0.49829724431037903,-31.056959144669037,-1.0,0.0,0.0,122.91742939476498,
358,132.881,0.589601,-0.00895526,0.00780551,130.649,140.648,0.0,0.7632913589477539,1.0,0.0,5,132.28068772864907,-0.00518601987155,-0.4178326427936554,-31.619129584724732,-1.0,0.0,0.0,123.24536951975821,
359,133.201,0.355376,-0.0186277,0.0100802,131.462,141.461,0.0,-1.0,0.7398653030395508,0.0,5,131.93734849227016,-0.006713463600999999,-1.763291358947754,-30.53779140022945,-1.0,0.0,0.0,122.76719977092748,
360,133.621,-0.682371,-0.0280424,0.0131114,132.277,142.276,0.0,-1.0,1.0,0.0,5,131.69518403046877,-0.008759791897000001,-0.0,-29.733360696760485,-1.0,0.0,0.0,123.25308406438164,
361,134.253,-0.894282,-0.0308802,0.0162172,133.096,143.095,0.0,0.03014087677001953,1.0,0.0,5,132.11644382949618,-0.010886038757999998,-1.0301408767700195,-30.33590997145849,-1.0,0.0,0.0,123.21253803484254,
362,134.609,-1.16281,-0.0301481,0.0194335,133.917,143.916,0.0,-0.6159218549728394,1.0,0.19833803176879883,5,132.51903560679207,-0.013079620007499999,-0.6460627317428589,-31.268583898650775,-1.0,0.0,0.0,123.49499119259904,
363,134.832,-0.955864,-0.0212422,0.0219829,134.741,144.74,0.0,-1.0,1.0,0.0,5,133.36962449167137,-0.014819991864,-0.38407814502716064,-33.44598913064978,-1.0,0.0,0.0,123.8780837736368,
364,134.116,-0.146477,-0.00680967,0.0234536,135.563,145.562,0.0,-0.9573550224304199,1.0,1.0,5,133.65625110323634,-0.015727515088000004,-0.04264497756958008,-35.71160985403142,-1.0,0.0,0.0,123.69982763136963,
365,133.303,0.80629,0.0084295,0.0238472,136.379,146.378,0.0,-0.957385778427124,1.0,0.0,5,132.73643184215706,-0.015894516507999997,-3.075599670410156e-05,-38.173723749205365,-1.0,0.0,0.0,122.17709716154869,
366,132.636,1.6483,0.0249557,0.0229973,137.192,147.191,0.0,-0.3310699462890625,0.0,0.0,5,130.9398598264171,-0.015251349413999998,-0.6263158321380615,-41.245619762252886,-1.0,0.0,0.0,119.42530878679844,
367,132.099,2.42176,0.0431052,0.0206525,138.0,147.999,0.0,-1.0,1.0,0.0,5,129.130099864806,-0.013640872987499999,-0.6689300537109375,-45.14179673310552,-1.0,0.0,0.0,116.63033079242884,
368,131.215,3.45008,0.0622549,0.0166899,138.805,148.804,0.0,-0.42848724126815796,1.0,1.0,5,126.87905835331928,-0.010949826142500002,-0.571512758731842,-49.55943068595995,-1.0,0.0,0.0,113.30679702806724,
369,130.189,4.24307,0.077223,0.0114721,139.603,149.602,0.0,-0.4373435378074646,1.0,0.0,5,124.77921092575639,-0.007467706134500001,-0.00885629653930664,-52.95569112358321,-1.0,0.0,0.0,110.53016354976428,
370,129.735,4.61423,0.0895242,0.00504335,140.396,150.395,0.0,-0.2074088454246521,1.0,0.0,5,123.41600411723374,-0.003271495061250001,-0.2299346923828125,-55.755705599471966,-1.0,0.0,8.0,116.40482581458964,
371,129.749,4.64411,0.10211,-0.0027926,141.188,151.187,0.0,-0.5874820947647095,0.955040454864502,0.0,5,122.46034683375431,-0.001811685287,-0.3800732493400574,-58.78251777071094,-1.0,0.0,0.0,106.64888373098756,
372,129.927,4.853,0.116682,-0.0123382,141.98,151.979,0.0,1.0,1.0,0.0,5,121.48066239610722,-0.008015326557,-1.5874820947647095,-62.08676415135335,-1.0,0.0,0.0,104.47471140328247,
373,130.223,5.48438,0.129094,-0.0233804,142.773,152.772,0.0,0.5878953337669373,1.0,0.0,5,120.75722921412283,-0.015223329146000003,-0.41210466623306274,-64.8756450420524,-1.0,0.0,0.0,103.39946322459382,
374,130.698,5.50948,0.128456,-0.0349369,143.568,153.567,0.0,1.0,1.0,0.0,5,121.2497577071031,-0.022830914781,-0.41210466623306274,-65.63531023082432,-1.0,0.0,0.0,103.6944678347461,
375,130.487,4.1199,0.11401,-0.0463545,144.364,154.363,0.0,1.0,0.12120521068572998,0.25916385650634766,5,122.2175574383653,-0.030243298207499998,-0.0,-63.34809920470845,-1.0,0.0,0.0,105.3502893389807,
376,130.398,2.24586,0.0915942,-0.0570163,145.158,155.157,0.0,1.0,1.0,0.0,5,123.88789184867261,-0.037174057436999995,-0.0,-59.19622474123274,-1.0,0.0,0.0,108.05166160592742,
377,130.512,0.258179,0.0656606,-0.0664476,145.954,155.953,0.0,-1.0,1.0,0.0,5,125.94909197075721,-0.043361045856,-2.0,-53.51621829736385,-1.0,0.0,0.0,110.92667635056026,
378,130.632,-1.78155,0.0386254,-0.0744025,146.75,156.749,0.0,-0.4198778569698334,1.0,0.0,5,128.0123364124092,-0.04859673690000001,-0.5801221430301666,-48.449432505427296,-1.0,0.0,0.0,114.67734490624335,
379,130.949,-3.87699,0.0157378,-0.081099,147.549,157.548,0.0,0.05984020233154297,1.0,0.0,5,129.90240166767146,-0.053099164755000004,-0.47971805930137634,-45.13976972726071,-1.0,0.0,0.0,117.42044465331085,
380,131.393,-5.22925,0.00384223,-0.0870866,148.35,158.349,0.0,-0.34533363580703735,1.0,0.0,5,131.13960969928678,-0.057212848169000005,-0.4051738381385803,-44.154155440939036,-1.0,0.0,0.0,118.92230583944146,
381,131.996,-4.57768,0.0048507,-0.0927747,149.155,159.154,0.0,0.24487382173538208,1.0,0.0,5,131.6743118737604,-0.061229446506,-0.5902074575424194,-45.509626506830585,-1.0,0.0,0.0,119.05861356328401,
382,131.423,-3.2593,0.00618654,-0.0973864,149.96,159.959,0.0,0.22052891552448273,1.0,1.0,5,131.01396078353923,-0.063994064236,-0.024344906210899353,-45.72308634776812,-1.0,0.0,0.0,118.51189166049792,
383,130.601,-2.45843,0.00847945,-0.101162,150.76,160.759,0.0,-0.5561318397521973,1.0,0.0,5,130.04259916282984,-0.06605929181,-0.77666075527668,-45.820851380172726,-1.0,0.0,0.0,117.28832879939367,
384,130.405,-1.47533,0.0115393,-0.104533,151.557,161.556,0.0,0.36068394780158997,1.0,0.0,5,129.64394351760538,-0.068158129325,-0.9168157875537872,-46.654284182163565,-1.0,0.0,0.0,116.63716960647335,
385,130.713,-1.07046,0.00994666,-0.107162,152.355,162.354,0.0,-0.00022095069289207458,1.0,0.0,5,130.05646577470486,-0.07003733253,-0.36090489849448204,-47.238098382807294,-1.0,0.0,0.0,117.06863237692468,
386,131.244,-0.620312,0.00601535,-0.109155,153.155,163.154,0.0,0.7758682370185852,1.0,0.0,5,130.84688859499104,-0.0716296941,-0.7760891877114773,-47.68788711769797,-1.0,0.0,0.0,117.6204603651531,
387,130.637,-0.788993,-0.00202671,-0.110137,153.956,163.955,0.0,0.23960384726524353,1.0,1.0,5,130.50435013435595,-0.07193983634500001,-0.5362643897533417,-46.39443593645787,-1.0,0.0,0.0,117.67292199697047,
388,129.873,-1.16433,-0.00749208,-0.110497,154.752,164.751,0.0,-0.42096471786499023,1.0,0.0,5,129.38285014777318,-0.071752884405,-0.6605685651302338,-45.357723274428054,-1.0,0.0,0.0,116.77349587522212,
389,129.694,-0.962978,-0.00982976,-0.110551,155.544,165.543,0.0,0.4996960759162903,1.0,0.0,5,129.0503140805737,-0.07168900697,-0.9206607937812805,-45.377112011886965,-1.0,0.0,0.0,116.35814883249759,
390,129.987,-0.663906,-0.017405,-0.109624,156.338,166.337,0.0,0.7772874236106873,1.0,0.0,5,128.83615699986925,-0.07124847444,-0.277591347694397,-45.133677142259174,-1.0,0.0,0.0,116.39821183555613,
391,130.28,-0.968933,-0.0303147,-0.107366,157.133,167.132,0.0,-0.28414416313171387,1.0,0.0,5,128.24574503954864,-0.0699382124,-1.0614315867424011,-44.18871821142399,-1.0,0.0,0.0,115.81019779826994,
392,130.739,-2.04082,-0.042501,-0.10403,157.93,167.929,0.0,-0.2005235254764557,1.0,0.0,5,127.84350577638685,-0.06800389085,-0.08362063765525818,-43.56571051290999,-1.0,0.0,0.0,115.85898806601278,
393,131.049,-2.55373,-0.0431242,-0.100659,158.73,168.729,0.0,-0.8919473886489868,1.0,0.18080472946166992,5,128.10234728903524,-0.065956306455,-0.6914238631725311,-44.352093480793684,-1.0,0.0,0.0,115.74094045343006,
394,131.163,-1.87894,-0.0335167,-0.0977314,159.531,169.53,0.0,0.3504617512226105,1.0,0.0,5,128.89167071823556,-0.06409371809100001,-1.2424091398715973,-46.27667601315275,-1.0,0.0,0.0,115.88568525489492,
395,131.604,-0.996296,-0.0198276,-0.0954269,160.334,170.333,0.0,-1.0,1.0,0.0,5,130.27352161209518,-0.062792808738,-1.3504617512226105,-49.0542041189683,-1.0,0.0,0.0,116.5420392482483,
396,132.017,0.0670815,-0.0015581,-0.0942831,161.14,171.139,0.0,-0.529167115688324,1.0,0.0,5,131.91399195057042,-0.0622348600635,-0.470832884311676,-52.396118316863635,-1.0,0.0,0.0,117.6114776459975,
397,132.425,1.39529,0.0187124,-0.0945411,161.948,171.947,0.0,-0.12334445118904114,1.0,0.0,5,131.1628936307041,-0.06259802583750002,-0.40582266449928284,-55.97868942846229,-1.0,0.0,0.0,115.98387644840125,
398,132.51,2.3929,0.0380462,-0.0962156,162.758,172.757,0.0,-0.6473168134689331,0.0,0.0,5,129.89396368387872,-0.06374764578,-0.523972362279892,-59.08451123758181,-1.0,0.0,0.0,113.90189652001929,
399,132.491,3.27106,0.0572269,-0.0996342,163.567,173.566,0.0,1.0,1.0,0.0,5,128.4851548881225,-0.06600317396100001,-1.647316813468933,-62.02095530014191,-1.0,0.0,0.0,111.41971784508534,
400,132.904,4.33869,0.0725963,-0.104407,164.378,174.377,0.0,-0.030035078525543213,1.0,0.0,5,127.73400390306868,-0.06938053964,-1.0300350785255432,-64.8590266367897,-1.0,0.0,0.0,110.14085618067361,
401,133.417,4.48333,0.0841819,-0.11046,165.191,175.19,0.0,-0.1281747817993164,1.0,0.0,5,127.33552517541855,-0.07368620910000001,-0.0981397032737732,-67.29819783299156,-1.0,0.0,0.0,109.40784759708853,
402,133.593,4.80824,0.0917939,-0.117776,166.007,176.006,0.0,1.0,0.0,0.0,5,126.90765570903737,-0.07867024584,-1.1281747817993164,-68.91700754530316,-1.0,0.0,0.0,108.2612811423318,
403,133.324,4.32405,0.0853292,-0.125288,166.822,176.821,0.0,1.0,0.0,0.0,5,127.15760865846536,-0.08351948656000002,-0.0,-68.49589498373412,-1.0,0.0,0.0,108.95011542597184,
404,133.584,2.83104,0.0671638,-0.132211,167.636,177.635,0.0,0.43956464529037476,1.0,0.0,5,128.80018355353795,-0.08830637112,-0.5604353547096252,-67.32019992786408,-1.0,0.0,0.0,110.71369659403902,
405,134.156,0.579224,0.0449944,-0.138257,168.454,178.453,0.0,-0.4271078109741211,1.0,0.0,5,131.00310766462596,-0.09274003046,-0.8666724562644958,-66.03625836807659,-1.0,0.0,0.0,113.14130130526746,
406,134.533,-0.81526,0.026555,-0.143578,169.274,179.273,0.0,1.0,0.6359556913375854,0.0,5,132.6995166232984,-0.09657989537,-1.427107810974121,-65.0089724987109,-1.0,0.0,0.0,114.9225612599584,
407,134.809,-1.80513,0.00719106,-0.147401,170.097,180.096,0.0,1.0,1.0,0.0,5,134.32080881145723,-0.09935490704500001,-0.0,-63.7925174061683,-1.0,0.0,0.0,117.27332455287014,
408,135.147,-2.92532,-0.0135456,-0.149556,170.922,180.921,0.0,0.09297952055931091,1.0,0.0,5,134.21930597143833,-0.10106022365999999,-0.9070204794406891,-62.49832210425299,-1.0,0.0,0.0,117.22155907788286,
409,135.428,-4.13069,-0.0337292,-0.150028,171.749,181.748,0.0,0.0548887625336647,1.0,0.0,5,133.06746584993985,-0.10158995991999999,-0.03809075802564621,-61.22539088145214,-1.0,0.0,0.0,116.64810094224912,
410,135.808,-4.9563,-0.0500845,-0.149025,172.579,182.578,0.0,0.11246180534362793,1.0,0.0,5,132.23818511455622,-0.10119393599999998,-0.057573042809963226,-60.49817593965578,-1.0,0.0,0.0,115.99517528079929,
411,136.238,-5.71962,-0.0602371,-0.146773,173.41,183.41,0.0,-0.9354239702224731,1.0,0.0,5,131.89009438386884,-0.09998029986999998,-1.047885775566101,-60.52636813276311,-1.0,0.0,0.0,115.34415631813823,
412,136.794,-5.39664,-0.0554843,-0.144298,174.245,184.244,0.0,-1.0,1.0,0.0,5,132.79048050005767,-0.09869550306000002,-0.06457602977752686,-62.33315391294565,-1.0,0.0,0.0,116.089123709828,
413,137.337,-3.71435,-0.0383224,-0.142188,175.084,185.083,0.0,-0.3531244099140167,1.0,0.0,5,134.6052676916428,-0.09763836678,-0.6468755900859833,-65.44918740287056,-1.0,0.0,0.0,116.9512697971194,
414,137.92,-1.219,-0.0186604,-0.140579,175.925,185.924,0.0,-0.04009079560637474,1.0,0.0,5,136.6092415942371,-0.0969432784,-0.313033614307642,-68.80458348530335,-1.0,0.0,0.0,118.21724236021895,
415,138.077,0.443103,-0.00789414,-0.138931,176.769,186.768,0.0,0.017001032829284668,0.0,0.0,5,137.52770379541263,-0.095915878435,-0.05709182843565941,-70.7568930482133,-1.0,0.0,0.0,118.7254371063936,
416,138.289,0.546753,-0.000589341,-0.137677,177.613,187.612,0.0,-0.4299894869327545,1.0,0.0,5,138.24822629812274,-0.09519607326499999,-0.4469905197620392,-72.39523094707663,-1.0,0.0,0.0,118.92012533216,
417,137.631,1.06726,0.00905363,-0.137461,178.457,188.456,0.0,-0.006872892379760742,1.0,1.0,5,137.00233779089342,-0.094594474455,-0.4231165945529938,-73.379880165401,-1.0,0.0,0.0,117.43583829672227,
418,136.446,1.63465,0.0129325,-0.137649,179.294,189.293,0.0,1.0,0.0,0.0,5,135.5523205387261,-0.09390827726999999,-1.0068728923797607,-73.27856535207401,-1.0,0.0,0.0,115.83670905572367,
419,135.712,1.71751,0.00685044,-0.137403,180.125,190.124,0.0,1.0,0.0,0.0,5,135.24397580933208,-0.09323617967999999,-0.0,-72.71474291685391,-1.0,0.0,0.0,115.97205390043862,
420,135.203,1.04243,-0.00742278,-0.136234,180.877,190.876,0.0,1.0,0.0,0.0,5,134.69748887817772,-0.09209622751,-0.0,-71.56791533752784,-1.0,0.0,0.0,115.71341381628575,
421,134.705,-0.153937,-0.027538,-0.133837,181.627,191.626,0.0,1.0,0.0,0.0,5,132.79940830438542,-0.09014256542500002,-0.0,-69.88500308546753,-1.0,0.0,0.0,114.23801496759354,
422,134.195,-1.66298,-0.0512809,-0.130003,182.373,192.372,0.0,1.0,0.0,0.0,5,130.5792779940038,-0.08722876292500001,-0.0,-67.82404249598322,-1.0,0.0,0.0,112.53603860708299,
423,133.654,-3.3174,-0.0773975,-0.124581,183.117,193.116,0.0,-1.0,0.0,0.0,5,128.0868008062826,-0.08325374487000001,-2.0,-65.46664633379588,-1.0,0.0,0.0,110.03688547796364,
424,133.549,-5.22955,-0.10489,-0.11751,183.858,193.857,0.0,0.07693127542734146,1.0,0.0,5,125.82388460632038,-0.07846671495,-1.0769312754273415,-63.3697210068385,-1.0,0.0,0.0,108.57990825703254,
425,133.684,-7.2195,-0.125757,-0.109192,184.595,194.594,0.0,0.4092199206352234,1.0,0.0,5,124.24458727322072,-0.07298611664,-0.3322886452078819,-61.4427043305562,-1.0,0.0,0.0,107.71123848037931,
426,133.818,-9.18423,-0.14423,-0.100279,185.332,195.331,0.0,-0.12263621389865875,1.0,0.0,5,122.81168869274765,-0.06709567611,-0.5318561345338821,-59.57047882925653,-1.0,0.0,0.0,106.69241646896336,
427,134.017,-10.6308,-0.159448,-0.090833,186.071,196.07,0.0,0.6101540923118591,1.0,0.0,5,121.6778484453484,-0.060865830805,-0.7327903062105179,-57.92677986626664,-1.0,0.0,0.0,105.91545055611358,
428,134.168,-11.5423,-0.172032,-0.0806516,186.812,196.811,0.0,1.0,1.0,0.0,5,120.703785100421,-0.054104319344,-0.38984590768814087,-56.28393230961804,-1.0,0.0,0.0,105.46174393136604,
429,134.285,-12.1829,-0.18269,-0.0696767,187.554,197.553,0.0,-1.0,1.0,0.0,5,119.85215740161426,-0.0467826782975,-2.0,-54.60734943222785,-1.0,0.0,0.0,104.5535373652598,
430,134.395,-12.6885,-0.191561,-0.0579656,188.297,198.296,0.0,-1.0,1.0,0.0,5,119.14283986213908,-0.038951434060000005,-0.0,-52.935680091225905,-1.0,0.0,0.0,104.86996840527262,
431,133.941,-13.2158,-0.196461,-0.0458031,189.039,199.038,0.0,-1.0,1.0,0.6524965763092041,5,118.29183055615313,-0.0306745650855,-0.0,-51.104920903992564,-1.0,0.0,0.0,104.48492576506948,
432,133.467,-12.9366,-0.189896,-0.0338643,189.78,199.779,0.0,-0.5673266649246216,1.0,0.0,5,118.47138039683826,-0.022598832640500003,-0.4326733350753784,-51.0275240191327,-1.0,0.0,0.0,104.56209855889196,
433,133.154,-11.0835,-0.168591,-0.022625,190.519,200.518,0.0,-1.0,1.0,0.6429575681686401,5,120.09497738839279,-0.015063046249999998,-0.4326733350753784,-53.401201929963605,-1.0,0.0,10.0,115.59981185912926,
434,132.749,-7.98852,-0.136192,-0.0123494,191.256,201.255,0.0,-0.4371682405471802,1.0,0.0,5,122.50801346418481,-0.008196852503,-0.5628317594528198,-56.98517749875603,-1.0,0.0,0.0,107.08467270915696,
435,132.799,-4.49048,-0.0994741,-0.0033315,191.992,201.991,0.0,-0.2623773515224457,1.0,0.0,5,125.54836914886268,-0.0022120993425,-0.1747908890247345,-61.0616791690685,-1.0,0.0,0.0,109.22829999054564,
436,133.378,-1.15513,-0.068517,0.00464376,192.73,202.729,0.0,0.42701515555381775,1.0,0.0,5,128.49928979134455,-0.0030968771064,-0.6893925070762634,-64.61988484258748,-1.0,0.0,0.0,111.13440395146841,
437,133.94,0.832934,-0.0495036,0.0119514,193.472,203.471,0.0,0.7090142965316772,1.0,0.0,5,130.46201420805923,-0.008003852579999998,-0.2819991409778595,-66.80935722041684,-1.0,0.0,0.0,112.66707130808166,
438,134.406,1.40851,-0.0419605,0.0186742,194.217,204.216,0.0,0.9443977475166321,1.0,0.0,5,131.46865007170976,-0.012549622626,-0.23538345098495483,-67.80254063038467,-1.0,0.0,0.0,113.4348502561921,
439,134.764,1.12023,-0.0424252,0.0250079,194.965,204.964,0.0,0.9809637069702148,1.0,0.0,5,131.78490014631413,-0.016850823178,-0.036565959453582764,-67.93164855251614,-1.0,0.0,0.0,113.77416739717101,
440,135.008,0.406954,-0.0474158,0.0311953,195.715,205.714,0.0,0.5996865034103394,1.0,0.0,5,131.6567050742656,-0.021058075312,-0.3812772035598755,-67.46228214905108,-1.0,0.0,0.0,113.65569330062287,
441,135.222,-0.499417,-0.0548602,0.0373955,196.467,206.466,0.0,1.0,1.0,0.0,5,131.311273429818,-0.025283471505000002,-0.40031349658966064,-66.61767360581405,-1.0,0.0,0.0,113.51147750788257,
442,135.423,-1.5044,-0.0639295,0.0437368,197.22,207.219,0.0,0.6465769410133362,1.0,0.0,5,130.82054427944237,-0.029614843332000002,-0.3534230589866638,-65.43943621535125,-1.0,0.0,0.0,113.32504346457655,
443,135.606,-2.56128,-0.0739347,0.0503337,197.974,207.973,0.0,0.8657562732696533,1.0,0.0,5,130.22710597153215,-0.034127758611,-0.21917933225631714,-63.93706112129189,-1.0,0.0,0.0,113.1429591329213,
444,135.776,-3.63821,-0.0844217,0.0572395,198.73,208.729,0.0,-0.44357553124427795,1.0,0.0,5,129.56803288810977,-0.038858751760000004,-1.3093318045139313,-62.109584314153054,-1.0,0.0,0.0,112.60897851645734,
445,135.936,-4.72952,-0.0948481,0.0644798,199.487,209.486,0.0,-0.308474600315094,1.0,0.0,5,128.88803293377782,-0.04382563046400001,-0.13510093092918396,-59.97410428905819,-1.0,0.0,0.0,112.81015095177052,
446,136.195,-5.86602,-0.102441,0.0718753,200.246,210.245,0.0,0.026810690760612488,1.0,0.0,5,128.51721754243803,-0.0489452824175,-0.3352852910757065,-58.079239746386634,-1.0,0.0,0.0,112.84787673610117,
447,136.244,-6.62042,-0.102358,0.0790037,201.006,211.005,0.0,-0.22665873169898987,1.0,0.2577853202819824,5,128.57023568825923,-0.053818900514,-0.25346942245960236,-57.149797936890465,-1.0,0.0,0.0,113.15292647678474,
448,136.363,-5.744,-0.0938115,0.0856069,201.767,211.766,0.0,0.1866024285554886,1.0,0.0,5,129.37657081656354,-0.0583680685235,-0.41326116025447845,-57.834574573279525,-1.0,0.0,0.0,113.73558075664383,
449,136.559,-4.85431,-0.0841212,0.0921084,202.53,212.529,0.0,-1.0,1.0,0.15937447547912598,5,130.3391317115156,-0.062891154978,-1.1866024285554886,-58.7844643215403,-1.0,0.0,0.0,114.22414374758588,
450,136.826,-3.51852,-0.0702868,0.0980136,203.294,213.293,0.0,0.06681326031684875,1.0,0.0,5,131.68359025641792,-0.06705404416800001,-1.0668132603168488,-60.533740890703726,-1.0,0.0,0.0,115.16305701147894,
451,137.312,-2.21274,-0.0599284,0.103686,204.06,214.059,0.0,0.4613160490989685,1.0,0.0,5,132.95351983229153,-0.07118666016000001,-0.39450278878211975,-61.83934534945787,-1.0,0.0,0.0,116.30414599813241,
452,137.73,-1.64642,-0.0544232,0.109212,204.829,214.829,0.0,-0.5614198446273804,1.0,0.0,5,133.78007632639998,-0.0752088438,-1.0227358937263489,-62.20317827420513,-1.0,0.0,0.0,116.84725214593078,
453,138.025,-1.48635,-0.0514365,0.114468,205.601,215.6,0.0,0.505245566368103,1.0,0.1756300926208496,5,134.29425655946727,-0.0789972285,-1.0666654109954834,-61.958250365222,-1.0,0.0,0.0,117.40569711636313,
454,138.226,-1.63265,-0.0504143,0.119504,206.374,216.373,0.0,-0.5083820223808289,1.0,0.0,5,134.56757172672118,-0.08259279952,-1.0136275887489319,-61.1856261691313,-1.0,0.0,0.0,117.88448410829369,
455,138.203,-1.67011,-0.0495948,0.124276,207.148,217.147,0.0,0.47619569301605225,0.0,0.0,5,134.6073993847389,-0.08587658014,-0.9845777153968811,-60.0509328488363,-1.0,0.0,0.0,118.21341627777076,
456,137.87,-1.71873,-0.0511306,0.129058,207.922,217.921,0.0,1.0,0.0,0.0,5,134.1666675277511,-0.0889661323,-0.5238043069839478,-57.97270592817301,-1.0,0.0,0.0,118.42738362131266,
457,137.903,-2.23633,-0.0561109,0.133971,208.694,218.693,0.0,0.6630150675773621,1.0,0.0,5,133.81906690411134,-0.092375014065,-0.33698493242263794,-55.20149336317989,-1.0,0.0,0.0,118.82522306952458,
458,138.191,-3.29774,-0.0642714,0.138957,209.468,219.467,0.0,-0.4984152913093567,1.0,0.0,5,133.4678699048231,-0.09601303393499999,-1.1614303588867188,-51.32185703197021,-1.0,0.0,0.0,119.1929635052295,
459,138.491,-4.57118,-0.0718914,0.143931,210.244,220.243,0.0,-0.43970924615859985,1.0,0.0,5,133.15939862930693,-0.09966574060500001,-0.058706045150756836,-46.764755118832014,-1.0,0.0,0.0,120.35093229544873,
460,138.899,-5.63328,-0.0712698,0.148347,211.022,221.021,0.0,-0.5816226601600647,1.0,0.0,5,133.60092574400036,-0.103026249765,-0.14191341400146484,-44.552362540045976,-1.0,0.0,0.0,121.31723483502343,
461,139.383,-5.1527,-0.0591469,0.151779,211.804,221.803,0.0,-0.2069898098707199,1.0,0.0,5,135.01963219628186,-0.105777061785,-0.3746328502893448,-46.64170822551587,-1.0,0.0,0.0,122.14103822303109,
462,139.879,-3.5236,-0.0431627,0.154429,212.588,222.587,0.0,0.2918027639389038,1.0,0.0,5,136.73088122933888,-0.108006870455,-0.4987925738096237,-50.001243018642256,-1.0,0.0,0.0,122.97292583208043,
463,140.113,-2.50607,-0.0295954,0.156531,213.375,223.374,0.0,-0.8549266457557678,0.0,0.0,5,137.9785953689171,-0.109660140015,-1.1467294096946716,-52.102182483060645,-1.0,0.0,0.0,123.49937078522855,
464,140.306,-1.82062,-0.0116692,0.157328,214.162,224.161,0.0,-1.0,1.0,0.0,5,139.4778365494484,-0.11037031184000001,-0.14507335424423218,-55.374055479696,-1.0,0.0,0.0,124.48043036141114,
465,140.799,-0.805803,0.0109453,0.156314,214.952,224.951,0.0,-0.4562320113182068,1.0,0.0,5,140.0200379905074,-0.11004427443,-0.5437679886817932,-59.91383696004564,-1.0,0.0,0.0,123.76840407946145,
466,141.213,0.511868,0.0361102,0.15323,215.744,225.743,0.0,0.1947994977235794,1.0,0.0,5,138.57188212326977,-0.10819033994999999,-0.6510315090417862,-64.48756744989964,-1.0,0.0,0.0,121.14649046813233,
467,141.586,2.33842,0.0572968,0.148538,216.537,226.536,0.0,0.4489680230617523,1.0,0.0,5,137.29966223168935,-0.10515450634000001,-0.2541685253381729,-67.74854608939987,-1.0,0.0,0.0,119.18112064539795,
468,141.842,2.96654,0.0692634,0.142742,217.332,227.331,0.0,1.0,0.0,0.0,5,136.5935954138921,-0.10123405382000002,-0.5510319769382477,-68.9483459552205,-1.0,0.0,0.0,118.0899652781855,
469,142.035,2.57997,0.0726096,0.13591,218.127,228.126,0.0,0.6419450640678406,1.0,0.0,5,136.50872683210986,-0.09651988425000001,-0.3580549359321594,-68.4190343403688,-1.0,0.0,0.0,118.20003188198801,
470,142.457,1.60716,0.0697683,0.128354,218.924,228.923,0.0,-0.21561121940612793,1.0,0.0,5,137.14496691018965,-0.09142462888999998,-0.8575562834739685,-66.74774561191346,-1.0,0.0,0.0,119.10933899327911,
471,142.779,0.352833,0.063072,0.12031,219.722,229.721,0.0,1.0,1.0,0.0,5,137.99540738793533,-0.08588870744999999,-1.215611219406128,-63.74890952807911,-1.0,0.0,0.0,120.6076079326437,
472,143.074,-1.42006,0.0520275,0.112,220.52,230.52,0.0,0.010620653629302979,1.0,0.0,5,139.1601905901674,-0.08012144,-0.989379346370697,-58.799135419865564,-1.0,0.0,0.0,123.08347149128977,
473,143.397,-3.29345,0.0395271,0.103489,221.321,231.32,0.0,1.0,1.0,0.0,5,140.4516975891609,-0.074200060665,-0.989379346370697,-51.88474508296716,-1.0,0.0,0.0,126.10949745384289,
474,143.666,-5.00426,0.0222098,0.095164,222.12,232.119,0.0,0.47583872079849243,1.0,0.0,5,142.0353026128812,-0.06835915612,-0.5241612792015076,-42.19196785383957,-1.0,0.0,0.0,130.26170310954086,
475,143.905,-6.52133,0.000849128,0.0880849,222.918,232.917,0.0,-0.6837273836135864,1.0,0.0,5,143.84385124585154,-0.06337928767249999,-1.1595661044120789,-36.97617881506409,-1.0,0.0,0.0,133.18855742308938,
476,144.138,-8.20185,-0.015882,0.0821962,223.719,233.718,0.0,-0.26102414727211,1.0,0.0,5,142.97527010713682,-0.059237979378,-0.42270323634147644,-47.88386138767852,-1.0,0.0,0.0,129.81825580993674,
477,144.505,-8.88015,-0.0197123,0.0766374,224.521,234.52,0.0,-1.0,1.0,0.0,5,143.05275469167813,-0.05537243743499999,-0.73897585272789,-50.04235976588416,-1.0,0.0,0.0,129.26509955695371,
478,144.976,-7.67761,-0.0089094,0.0710359,225.326,235.325,0.0,-1.0,1.0,0.0,5,144.32443008523,-0.051492503191999994,-0.0,-43.9504665938358,-1.0,0.0,0.0,132.28532093357904,
479,145.43,-5.16322,0.0132613,0.0650888,226.133,236.132,0.0,1.0,1.0,0.0,5,144.45294521051167,-0.04732932092000001,-2.0,-40.12092346810746,-1.0,0.0,0.0,132.77538502256482,
480,145.841,-2.30535,0.0410372,0.0583274,226.942,236.941,0.0,-1.0,1.0,0.0,5,142.72660202901466,-0.04253263171700001,-2.0,-54.9243876566004,-1.0,0.0,0.0,127.35297248314757,
481,146.156,0.538634,0.0709367,0.0502775,227.752,237.751,0.0,-0.41213563084602356,1.0,0.0,5,140.60885888531269,-0.036741791450000005,-0.5878643691539764,-65.72887024890173,-1.0,0.0,0.0,122.96354022089106,
482,146.356,3.24661,0.100196,0.0407441,228.562,238.561,0.0,0.32928192615509033,1.0,0.0,5,138.30208216099393,-0.029815717497999997,-0.7414175570011139,-73.45395064608951,-1.0,0.0,0.0,118.68635351487322,
483,146.631,5.93624,0.123486,0.0300042,229.374,239.373,0.0,1.0,1.0,0.0,5,136.48400072754515,-0.021997729251000003,-0.6707180738449097,-78.56730042379418,-1.0,0.0,0.0,115.61896247019213,
484,146.996,7.23514,0.132013,0.0188238,230.188,240.187,0.0,1.0,1.0,0.0,5,136.04244386161633,-0.013835116524000003,-0.0,-80.7295922204923,-1.0,0.0,0.0,114.84621068996925,
485,147.532,6.31647,0.126258,0.0074695,231.004,241.003,0.0,-0.05832850933074951,1.0,0.0,5,137.0688287087517,-0.00550995137,-1.0583285093307495,-80.68855305117788,-1.0,0.0,0.0,115.57368194178801,
486,148.172,4.65171,0.113697,-0.00415039,231.823,241.823,0.0,1.0,1.0,0.0,5,138.81010141195023,-0.0030748579354,-1.0583285093307495,-79.5056763762614,-1.0,0.0,0.0,117.61310890715025,
487,148.761,2.50839,0.0947688,-0.0153747,232.646,242.645,0.0,0.24714231491088867,1.0,0.0,5,141.0550749996038,-0.0114357787335,-0.7528576850891113,-76.70292342283898,-1.0,0.0,0.0,120.6420510596338,
488,149.281,0.522274,0.0738322,-0.0258781,233.472,243.471,0.0,1.0,1.0,0.0,5,143.36843808743384,-0.019315543230500002,-0.7528576850891113,-72.60400475370727,-1.0,0.0,0.0,123.97226405024978,
489,149.62,-1.4041,0.0510103,-0.0351893,234.3,244.299,0.0,1.0,1.0,0.0,5,145.61095697336867,-0.02632511533,-0.0,-66.45688317529219,-1.0,0.0,0.0,127.97041106421563,
490,149.821,-3.25051,0.0277284,-0.0430446,235.131,245.13,0.0,-0.42705583572387695,1.0,0.0,5,147.68652554676603,-0.032244925083,-1.427055835723877,-57.680142613062245,-1.0,0.0,0.0,131.80612821770032,
491,149.98,-4.99459,0.00492054,-0.0493665,235.963,245.962,0.0,0.1415591984987259,1.0,0.0,5,149.60919456162202,-0.03701993835,-0.5686150342226028,-45.09643026670001,-1.0,0.0,0.0,137.1274825463302,
492,150.15,-6.4983,-0.0167869,-0.0540977,236.797,246.796,0.0,0.47052523493766785,1.0,0.0,5,148.86862703359589,-0.040613848275,-0.32896603643894196,-47.535264216098085,-1.0,0.0,0.0,135.84550732036467,
493,150.285,-7.81399,-0.0378609,-0.057131,237.633,247.632,0.0,0.7314414381980896,1.0,0.0,5,147.33301697590997,-0.042929661675,-0.26091620326042175,-58.094614384145245,-1.0,0.0,0.0,131.68815885722051,
494,150.395,-9.01094,-0.0582927,-0.058417,238.469,248.468,0.0,-0.32857006788253784,1.0,0.0,5,145.75856512126248,-0.043928123575,-1.0600115060806274,-65.79023417679122,-1.0,0.0,0.0,127.9490750016655,
495,150.504,-10.1215,-0.0775245,-0.0579629,239.307,249.306,0.0,-0.6404725909233093,1.0,0.0,5,144.2239265415468,-0.043618241508,-0.3119025230407715,-71.59590155630411,-1.0,0.0,0.0,125.18776215405053,
496,150.719,-11.2913,-0.0911235,-0.0561451,240.145,250.144,0.0,-0.21982699632644653,1.0,0.0,5,143.23616387971936,-0.042310666634500005,-0.4206455945968628,-75.25683994610279,-1.0,0.0,0.0,123.2534495481801,
497,151.15,-10.9061,-0.0930938,-0.0535428,240.986,250.985,0.0,-0.2167898714542389,1.0,0.0,5,143.47009939812307,-0.040464971100000004,-0.0030371248722076416,-76.23404709275867,-1.0,0.0,0.0,123.37021151637175,
498,151.672,-9.40367,-0.0840235,-0.0502993,241.829,251.828,0.0,-1.0,1.0,0.0,5,144.77240553820027,-0.038144977148,-0.7832101285457611,-74.71634523701329,-1.0,0.0,0.0,124.82021121323523,
499,152.313,-6.39322,-0.063555,-0.0469765,242.674,252.674,0.0,0.43520817160606384,1.0,0.0,5,147.16862068756163,-0.03577565822249999,-1.4352081716060638,-69.83396993780782,-1.0,0.0,0.0,128.24379009340535,
500,153.025,-2.83498,-0.0446345,-0.0433343,243.523,253.522,0.0,0.565405011177063,1.0,0.0,5,149.45863080365174,-0.0331561562875,-0.13019683957099915,-64.17871476533192,-1.0,0.0,0.0,132.34173690415994,
501,153.622,-0.590669,-0.0353199,-0.0390604,244.375,254.374,0.0,0.7299737930297852,1.0,0.0,5,150.81379578947502,-0.030002683844000004,-0.16456878185272217,-61.12924136452628,-1.0,0.0,0.0,134.45211212994363,
502,154.149,0.225978,-0.0352576,-0.0341388,245.229,255.228,0.0,-1.0,1.0,0.0,5,151.33629982631683,-0.026312309405999997,-1.7299737930297852,-61.84832611296925,-1.0,0.0,0.0,134.3289138507596,
503,154.654,0.22407,-0.0412607,-0.0285378,246.086,256.085,0.0,0.4477245509624481,1.0,0.0,5,151.33271275090834,-0.022067424606,-1.4477245509624481,-65.11590531399497,-1.0,0.0,0.0,133.59735163251486,
504,155.134,-0.433623,-0.0521128,-0.0220231,246.946,256.945,0.0,-0.18540284037590027,1.0,0.0,5,150.8829913656915,-0.017082657977,-0.6331273913383484,-69.9265637048033,-1.0,0.0,0.0,132.1943295641122,
505,155.675,-1.73302,-0.0597871,-0.0150091,247.809,257.808,0.0,-0.838852047920227,1.0,0.0,5,150.74594646728286,-0.0116827082125,-0.6534492075443268,-73.29965417371531,-1.0,0.0,0.0,131.21331545337821,
506,155.737,-1.99716,-0.0568431,-0.00828465,248.673,258.672,0.0,-1.0,0.0,0.0,5,151.06156020912945,-0.006451132685249999,-0.16114795207977295,-72.69153775190362,-1.0,0.0,0.0,131.83388025284438,
507,155.844,-1.2137,-0.0452805,-0.00228039,249.538,259.537,0.0,0.7085310220718384,1.0,0.0,5,152.15712043821762,-0.0017769254958000002,-1.7085310220718384,-69.00685587376792,-1.0,0.0,0.0,133.3910702376583,
508,156.275,0.0478522,-0.0291439,0.0027566,250.404,260.403,0.0,-1.0,1.0,0.0,5,153.93172815824875,-0.002153938325,-1.7085310220718384,-62.88754902290137,-1.0,0.0,0.0,136.69512765757688,
509,156.624,1.59246,-0.0100524,0.00657002,251.273,261.272,0.0,0.502265214920044,1.0,0.0,5,155.8288762900239,-0.0051451140624,-1.502265214920044,-52.90060630311018,-1.0,0.0,0.0,141.14790003570795,
510,156.977,3.12628,0.00904131,0.00905124,252.144,262.143,0.0,-0.2505662441253662,1.0,0.0,5,156.26095478708356,-0.007104182507400001,-0.7528314590454102,-51.7746350075722,-1.0,0.0,0.0,142.08434241496948,
511,157.314,4.42591,0.0278403,0.0100737,253.018,263.017,0.0,-0.3489725589752197,1.0,0.0,5,155.0634866844844,-0.007923670209,-0.09840631484985352,-62.70452055951263,-1.0,0.0,0.0,138.34991097994228,
512,157.632,5.75494,0.0455719,0.00956337,253.893,263.892,0.0,0.4867464005947113,1.0,0.0,5,153.87779164904532,-0.007537465699200001,-0.835718959569931,-70.58963789969852,-1.0,0.0,0.0,134.97212902055054,
513,158.046,6.99771,0.0548851,0.00816504,254.771,264.77,0.0,0.5533995628356934,1.0,0.0,5,153.47300485685818,-0.0064522595592,-0.06665316224098206,-74.35944193958028,-1.0,0.0,0.0,133.8566961637316,
514,158.542,6.44713,0.0493456,0.00664783,255.651,265.65,0.0,1.0,1.0,0.0,5,154.43892744128325,-0.005269801319300001,-0.44660043716430664,-73.00640740837765,-1.0,0.0,0.0,135.04807565672027,
515,159.025,4.35947,0.032088,0.00542363,256.534,266.533,0.0,-0.1323745846748352,1.0,0.0,5,156.3921785083679,-0.0043124638037500005,-1.1323745846748352,-66.61526025358583,-1.0,0.0,0.0,138.39433860576523,
516,159.441,1.83326,0.00922972,0.00491786,257.419,267.418,0.0,0.9052962064743042,1.0,0.0,5,158.69842139320016,-0.0039205425813,-1.0376707911491394,-54.57933112142456,-1.0,0.0,0.0,143.73836683291796,
517,159.812,-0.780811,-0.0165514,0.00561984,258.306,268.305,0.0,0.8341563940048218,1.0,0.0,5,158.46761455978972,-0.0044905893504,-0.07113981246948242,-60.01087776182075,-1.0,0.0,0.0,142.43906258624327,
518,160.054,-3.3255,-0.0429709,0.00780121,259.194,269.193,0.0,-0.37796545028686523,1.0,0.0,5,156.4684790090524,-0.006243074326700001,-1.212121844291687,-72.7783539124459,-1.0,0.0,0.0,136.9040109033267,
519,159.921,-5.56355,-0.0679697,0.0116112,260.084,270.083,0.0,-1.0,0.0,0.0,5,154.12102686651167,-0.009284373576,-0.6220345497131348,-81.06940267946374,-1.0,0.0,0.0,132.6577814581558,
520,160.004,-7.76832,-0.0866725,0.0168027,260.972,270.971,0.0,-0.3295864462852478,1.0,0.0,5,152.47809619435367,-0.013442496053999999,-0.6704135537147522,-86.17503007626341,-1.0,0.0,0.0,129.71977211311938,
521,160.145,-8.3463,-0.091709,0.0224799,261.862,271.861,0.0,-0.20737257599830627,1.0,0.20385980606079102,5,152.13893924445054,-0.0180002179275,-0.12221387028694153,-87.67662344856896,-1.0,0.0,0.0,129.1651190032947,
522,160.37,-6.74305,-0.0888146,0.0289261,262.753,272.752,0.0,-0.024643301963806152,1.0,0.0,5,152.62567389194442,-0.023194393285,-0.18272927403450012,-87.49057080355254,-1.0,0.0,0.0,129.6750180155609,
523,160.867,-5.50864,-0.0825233,0.0362525,263.645,273.643,0.0,-0.9420499801635742,1.0,0.0,5,153.68944441649063,-0.0291591545875,-0.9174066781997681,-86.7911253848461,-1.0,0.0,0.0,130.6872819122317,
524,161.485,-3.31845,-0.0687898,0.0435565,264.539,274.538,0.0,0.24677425622940063,1.0,0.0,5,155.55319321010674,-0.0351686070125,-1.1888242363929749,-84.14651281541643,-1.0,0.0,0.0,133.1247491283222,
525,161.597,-1.63032,-0.0555561,0.0508922,265.436,275.435,0.0,-0.7922482490539551,0.0,0.0,5,156.86114038418117,-0.041120134217000004,-1.0390225052833557,-80.61504645478105,-1.0,0.0,0.0,135.3545518846839,
526,161.682,0.133903,-0.0397847,0.0574386,266.333,276.332,0.0,1.0,1.0,0.0,5,158.33867338985436,-0.046433938625999996,-1.792248249053955,-75.39499054898238,-1.0,0.0,0.0,137.90581733926658,
527,162.199,1.82551,-0.0317486,0.0638043,267.232,277.231,0.0,0.5823615789413452,1.0,0.0,5,159.54289765796483,-0.0517449682785,-0.4176384210586548,-72.87900895656115,-1.0,0.0,0.0,140.14610892422843,
528,162.753,1.74377,-0.0336543,0.0704536,268.134,278.133,0.0,-0.8253095149993896,1.0,0.0,5,159.92268850756935,-0.057332673804,-1.4076710939407349,-74.57136925980558,-1.0,0.0,0.0,139.80021219063173,
529,163.281,0.815838,-0.0334936,0.076707,269.039,279.038,0.0,-0.6466168165206909,1.0,0.0,5,160.45549949284953,-0.062623978335,-0.17869269847869873,-75.32836729352555,-1.0,0.0,0.0,140.50717588158952,
530,163.786,0.862029,-0.0275823,0.0820986,269.947,279.946,0.0,0.33527055382728577,1.0,0.0,5,161.46519022961778,-0.067233006498,-0.9818873703479767,-73.47748877320589,-1.0,0.0,0.0,141.73401881871393,
531,164.305,1.09238,-0.0200368,0.0867587,270.858,280.857,0.0,-0.6513774394989014,1.0,0.0,5,162.62605599191323,-0.0712744410175,-0.9866479933261871,-70.53085430940999,-1.0,0.0,0.0,143.6260735755454,
532,164.749,1.55637,-0.00857228,0.0902865,271.772,281.771,0.0,-0.8036690950393677,1.0,0.0,5,164.0368181999999,-0.0743730529425,-0.1522916555404663,-64.56143190894392,-1.0,0.0,0.0,146.7763996731593,
533,165.066,2.37307,0.00589001,0.0924645,272.689,282.688,0.0,0.9327940940856934,1.0,0.0,5,164.57701937089575,-0.07631372578500001,-1.736463189125061,-54.274216911180645,-1.0,0.0,0.0,149.41121246057804,
534,165.378,3.50005,0.0206825,0.0932585,273.607,283.606,0.0,0.01388586312532425,1.0,0.0,5,163.63253641761565,-0.07711452106499998,-0.9189082309603691,-63.14264799297649,-1.0,0.0,0.0,146.4940874290184,
535,165.837,4.15328,0.032906,0.0928555,274.527,284.526,0.0,-0.22404338419437408,1.0,0.0,5,163.01919976926666,-0.07699438776749999,-0.23792924731969833,-69.87608295561155,-1.0,0.0,0.0,144.40180586840034,
536,166.271,4.58343,0.0454951,0.0910006,275.45,285.449,0.0,-0.6261633038520813,1.0,0.0,5,162.3180022116139,-0.07565380381299999,-0.4021199196577072,-75.75599350936331,-1.0,0.0,0.0,142.18271405456278,
537,166.536,5.118,0.0591732,0.0875602,276.375,286.374,0.0,-0.8838620781898499,1.0,0.0,5,161.3201657642267,-0.072909627336,-0.25769877433776855,-81.0659210249575,-1.0,0.0,0.0,139.90346624834996,
538,166.702,5.75532,0.0738662,0.0824756,277.301,287.299,0.0,-0.4481784999370575,1.0,0.0,5,160.09620138684343,-0.068744237356,-0.43568357825279236,-85.88246770736669,-1.0,0.0,0.0,137.42613514916994,
539,166.733,6.39047,0.0887533,0.0757104,278.226,288.225,0.0,1.0,0.6888294219970703,0.0,5,158.6873987721819,-0.06311711061599999,-1.4481784999370575,-90.01282273221732,-1.0,0.0,0.0,134.68662242853046,
540,166.493,6.80879,0.102407,0.067206,279.151,289.15,0.0,-0.17992615699768066,0.0,0.0,5,157.1106089899526,-0.05594664279,-1.1799261569976807,-93.14069942258115,-1.0,0.0,0.0,132.415509644418,
541,166.429,7.35288,0.113096,0.0571276,280.075,290.074,0.0,0.5466808676719666,1.0,0.0,5,155.97458466940716,-0.047538446702000005,-0.7266070246696472,-95.56679004292909,-1.0,0.0,0.0,130.817366604572,
542,166.882,7.23899,0.111236,0.0465034,280.999,290.998,0.0,1.0,1.0,0.0,5,156.58809736826353,-0.03880290199400001,-0.45331913232803345,-96.01958683194596,-1.0,0.0,0.0,131.40840201858464,
543,167.435,5.28967,0.0954066,0.0360522,281.927,291.926,0.0,1.0,1.0,0.0,5,158.69845565728772,-0.030182000535,-0.0,-93.66066299857383,-1.0,0.0,0.0,134.25310790710927,
544,167.796,2.396,0.0709576,0.0263437,282.856,292.855,0.0,1.0,1.0,0.0,5,161.4255461026974,-0.022101837426,-0.0,-88.29647547311995,-1.0,0.0,0.0,138.32932539699144,
545,167.943,-0.631697,0.0434217,0.0178979,283.788,293.787,0.0,1.0,1.0,0.0,5,164.13966170100036,-0.015029135098500002,-0.0,-79.7197377615178,-1.0,0.0,0.0,143.19469812552242,
546,168.006,-3.51935,0.0154642,0.0110387,284.72,294.719,0.0,-0.5068685412406921,1.0,0.0,5,166.68692438092324,-0.009272839161000001,-1.5068685412406921,-66.73453116499198,-1.0,0.0,0.0,148.54195818814205,
547,168.024,-6.16847,-0.0115883,0.00591866,285.653,295.652,0.0,-0.7745858430862427,1.0,0.0,5,167.03918379410246,-0.0049723846392,-0.26771730184555054,-65.24808064142653,-1.0,0.0,0.0,149.64187605855295,
548,168.064,-8.64304,-0.0358456,0.00251532,286.588,296.587,0.0,-1.0,1.0,0.0,5,164.9445058131746,-0.0021136737024,-0.22541415691375732,-77.66544248938482,-1.0,0.0,0.0,144.45840727005185,
549,168.255,-10.0393,-0.0543323,0.000631253,287.523,297.522,0.0,0.11900374293327332,1.0,0.0,5,163.43812475815722,-0.000531057367575,-1.1190037429332733,-84.75000134722472,-1.0,0.0,0.0,140.91439224110349,
550,168.49,-11.0848,-0.0679216,0.000368118,288.461,298.46,0.0,-0.2081327736377716,1.0,0.0,5,162.38384167605625,-0.0003101210091,-0.3271365165710449,-89.17735283701597,-1.0,0.0,0.0,138.99105239082184,
551,168.915,-10.9023,-0.0671301,0.000824769,289.4,299.399,0.0,-1.0,1.0,0.0,5,162.86915632637368,-0.000696579278175,-0.7918672263622284,-89.393199215561,-1.0,0.0,0.0,139.28259977529657,
552,169.463,-8.39608,-0.0500131,0.00136153,290.342,300.341,0.0,-1.0,1.0,0.0,5,165.01518583461225,-0.00115364479195,-0.0,-84.50486442723685,-1.0,0.0,0.0,142.8878160830111,
553,169.469,-4.55116,-0.0214188,0.00145038,291.284,301.283,0.0,-0.9844722747802734,0.0,0.0,5,167.6153557216261,-0.0012289722411,-0.015527725219726562,-72.15632456663211,-1.0,0.0,0.0,148.57038729016105,
554,169.215,-0.522978,0.0119845,0.000313203,292.225,302.224,0.0,-1.0,1.0,0.0,5,168.18889380784583,-0.00026499322822500003,-0.015527725219726562,-66.36680896097394,-1.0,0.0,0.0,150.5922682568082,
555,169.261,3.35746,0.046082,-0.00246159,293.165,303.164,0.0,-0.3176162838935852,1.0,0.0,5,165.18275208155302,-0.00208325592495,-0.6823837161064148,-82.92827619262785,-1.0,0.0,0.0,143.24388466263918,
556,169.225,7.01084,0.0794251,-0.00706959,294.105,304.104,0.0,-0.22913646697998047,1.0,0.0,5,161.9782227903974,-0.0059817568387499995,-0.08847981691360474,-93.26537914786566,-1.0,0.0,0.0,137.62935230151817,
557,169.191,10.4642,0.109681,-0.0134741,295.046,305.045,0.0,0.7366411685943604,1.0,0.0,5,158.91441564701836,-0.0113984822655,-0.9657776355743408,-100.09506668985503,-1.0,0.0,0.0,132.58951720161681,
558,169.08,13.0423,0.127767,-0.0210203,295.987,305.986,0.0,1.0,0.0,0.0,5,156.92975270970774,-0.01777056162,-0.26335883140563965,-103.4372578269311,-1.0,0.0,0.0,129.97366004193327,
559,169.056,12.7577,0.126191,-0.029052,296.927,306.926,0.0,1.0,1.0,0.0,5,157.073361419675,-0.024557074560000003,-0.0,-103.42411750376195,-1.0,0.0,0.0,130.1927749691745,
560,169.611,9.81786,0.106946,-0.0372168,297.869,307.868,0.0,0.6693792343139648,1.0,0.0,5,159.58963570508152,-0.031561893324,-0.33062076568603516,-100.83110758949967,-1.0,0.0,0.0,133.25111068467677,
561,170.167,5.38924,0.0768455,-0.0451098,298.813,308.812,0.0,0.27591782808303833,1.0,0.0,5,163.1329585053326,-0.038380996683,-0.3934614062309265,-95.0291746388678,-1.0,0.0,0.0,138.21924542706336,
562,170.588,1.15099,0.0443105,-0.0521573,299.759,309.758,0.0,1.0,1.0,0.0,5,166.6423762751551,-0.044487047461999996,-0.7240821719169617,-85.78551890422072,-1.0,0.0,0.0,143.93428485006282,
563,170.918,-2.80555,0.0111356,-0.0577571,300.707,310.706,0.0,-1.0,1.0,0.0,5,169.95578548474907,-0.049358640089000004,-2.0,-70.57883915040948,-1.0,0.0,0.0,150.6617170570577,
564,171.091,-6.31149,-0.0205346,-0.0616628,301.657,311.656,0.0,0.9533898234367371,1.0,0.0,5,169.2984101408407,-0.052749750574000005,-1.953389823436737,-70.26164713090738,-1.0,0.0,0.0,150.09423166050883,
565,171.073,-9.32292,-0.0502564,-0.0636749,302.609,312.608,0.0,1.0,1.0,0.0,5,166.56005821676754,-0.05446528083850001,-0.04661017656326294,-83.48047977138688,-1.0,0.0,0.0,144.62148994011335,
566,170.984,-11.8913,-0.0775588,-0.0637015,303.561,313.56,0.0,0.341321736574173,1.0,0.0,5,163.8459806560601,-0.05445968638,-0.658678263425827,-91.87132086447838,-1.0,0.0,0.0,139.62608727453278,
567,170.878,-14.001,-0.102312,-0.0617179,304.513,314.512,0.0,-0.7033109664916992,1.0,0.0,5,161.25823376020847,-0.052731156581,-1.0446327030658722,-97.69452645576324,-1.0,0.0,0.0,135.4684811787669,
568,170.585,-15.5858,-0.124471,-0.0576979,305.465,315.464,0.0,0.38469016551971436,0.0,0.0,5,158.67621544479516,-0.049211981357500004,-1.0880011320114136,-101.78522093058729,-1.0,0.0,0.0,131.8542978911874,
569,170.332,-16.853,-0.144431,-0.0516325,306.415,316.414,0.0,-0.9949140548706055,1.0,0.0,5,156.30060735942251,-0.04397333495,-1.3796042203903198,-104.95897804139692,-1.0,0.0,0.0,128.60300824800618,
570,169.805,-18.039,-0.160119,-0.0437905,307.364,317.363,0.0,-1.0,1.0,0.49939942359924316,5,154.09642006538272,-0.0371792292625,-0.005085945129394531,-106.9006154151398,-1.0,0.0,0.0,126.33256119879644,
571,169.419,-18.0034,-0.161907,-0.0350399,308.31,318.309,0.0,-1.0,1.0,0.0,5,153.5480634937191,-0.0296821240905,-0.0,-107.01680773081767,-1.0,0.0,0.0,125.76417943692418,
572,169.785,-15.3076,-0.14507,-0.0259798,309.255,319.254,0.0,-1.0,1.0,0.0,5,155.7293388583839,-0.022054901715000002,-0.0,-105.30892071473328,-1.0,0.0,0.0,128.38005377798558,
573,170.379,-10.1881,-0.112013,-0.0169628,310.201,320.2,0.0,-1.0,1.0,0.0,5,159.78886242595217,-0.014450524506,-0.0,-100.67160010587111,-1.0,0.0,0.0,133.6065118749784,
574,170.795,-4.32537,-0.070857,-0.00858927,311.149,321.148,0.0,0.6137929558753967,1.0,0.0,5,164.32047436746694,-0.007335021848249999,-1.6137929558753967,-91.95810508397733,-1.0,0.0,0.0,139.83947518786172,
575,171.03,1.15624,-0.0289208,-0.00154845,312.097,322.096,0.0,-1.0,1.0,0.0,5,168.485661693204,-0.0013241570175000002,-1.6137929558753967,-77.33589346175503,-1.0,0.0,0.0,147.6662262839851,
576,171.065,6.17463,0.0116686,0.00377846,313.047,323.046,0.0,-0.5654686093330383,1.0,0.0,5,170.05533246841486,-0.0032318112995,-0.43453139066696167,-67.8397472756787,-1.0,0.0,0.0,151.9618044209956,
577,170.898,10.7799,0.0503155,0.00724141,313.998,323.997,0.0,-0.5347933769226074,1.0,0.0,5,166.38412342366422,-0.0061877124309,-0.030675232410430908,-85.68169170164668,-1.0,0.0,0.0,143.94831021609855,
578,170.636,14.8993,0.0867437,0.0087653,314.95,324.949,0.0,-0.49782416224479675,1.0,0.0,5,162.6029084463892,-0.007478378654000001,-0.03696921467781067,-95.87012543145102,-1.0,0.0,0.0,137.61680794546908,
579,170.317,18.5467,0.120729,0.00825659,315.902,325.9,0.0,0.21083533763885498,1.0,0.0,5,158.82113651153085,-0.00703118819515,-0.7086594998836517,-102.49618903463333,-1.0,0.0,0.0,131.97746021471227,
580,169.951,21.7893,0.150891,0.00576019,316.853,326.852,0.0,1.0,0.744044303894043,0.0,5,155.24649992803973,-0.00489475025345,-0.789164662361145,-106.94745724246928,-1.0,0.0,0.0,127.2679914684606,
581,169.566,24.1456,0.169276,0.00187016,317.805,327.804,0.0,1.0,0.0,0.0,5,152.85910728351877,-0.0015855777528000002,-0.0,-109.10778963945427,-1.0,0.0,0.0,124.58057429590241,
582,169.491,23.6446,0.16794,-0.00270271,318.756,328.754,0.0,1.0,1.0,0.0,5,152.94111022567375,-0.0022904251030500004,-0.0,-109.00492887614539,-1.0,0.0,0.0,124.68758758153436,
583,170.067,20.0266,0.146975,-0.0077316,319.706,329.705,0.0,1.0,1.0,0.0,5,155.78058854634898,-0.0065744500860000004,-0.0,-106.93376944746136,-1.0,0.0,0.0,128.04057173439764,
584,170.873,13.8723,0.109608,-0.0129684,320.657,330.656,0.0,0.5613759756088257,1.0,0.0,5,160.50181608196752,-0.011079747065999998,-0.4386240243911743,-101.74539625156964,-1.0,0.0,0.0,133.92280006469176,
585,171.682,6.58388,0.0646684,-0.0180145,321.61,331.609,0.0,0.35527706146240234,1.0,0.0,5,165.77580611447655,-0.015463826945,-0.20609891414642334,-92.1333130215212,-1.0,0.0,0.0,141.66518435790732,
586,172.232,0.403073,0.0207673,-0.0223068,322.566,332.565,0.0,1.0,1.0,0.0,5,170.40659290240887,-0.019209723888,-0.6447229385375977,-75.59623022503521,-1.0,0.0,0.0,150.29490874070078,
587,172.431,-5.18935,-0.0225131,-0.0249967,323.524,333.523,0.0,-0.5286495685577393,1.0,0.0,5,170.4464901934789,-0.021551029888500002,-1.5286495685577393,-74.42243710879136,-1.0,0.0,0.0,150.36073501582524,
588,172.437,-10.3191,-0.0616369,-0.0259333,324.483,334.482,0.0,-1.0,1.0,0.0,5,166.79867353646574,-0.0223593022605,-0.47135043144226074,-90.20100787976108,-1.0,0.0,0.0,143.0846571348323,
589,172.406,-13.8918,-0.0930156,-0.0252429,325.443,335.442,0.0,0.35241246223449707,1.0,0.0,5,163.65405106038466,-0.021760137087,-1.352412462234497,-98.48541558672578,-1.0,0.0,0.0,137.60521328794584,
590,172.3,-16.4435,-0.120107,-0.0225831,326.404,336.403,0.0,0.6977781057357788,1.0,0.0,5,160.73636159363159,-0.01945534065,-0.34536564350128174,-103.88873776928247,-1.0,0.0,0.0,133.6411121176106,
591,172.191,-18.3231,-0.143524,-0.0178525,327.366,337.365,0.0,-0.6853682994842529,1.0,0.0,5,158.1061580679006,-0.0153701991375,-1.3831464052200317,-107.74206207236617,-1.0,0.0,0.0,129.74032842910555,
592,172.043,-19.9117,-0.164333,-0.0111341,328.327,338.326,0.0,-1.0,1.0,0.0,5,155.65255207645527,-0.0095777198315,-0.31463170051574707,-110.68004048858138,-1.0,0.0,0.0,126.87857472432371,
593,171.969,-21.4511,-0.181583,-0.0027047,329.288,339.287,0.0,-1.0,1.0,0.0,5,153.61400398307353,-0.0023256227715,-0.0,-112.9548593216846,-1.0,0.0,0.0,124.37296352988088,
594,172.166,-21.8071,-0.185039,0.00664608,330.25,340.249,0.0,-1.0,1.0,0.0,5,153.3889979094894,-0.0057211450464000006,-0.0,-113.81872242854855,-1.0,0.0,0.0,123.92859615730586,
595,172.734,-19.1708,-0.169509,0.0163646,331.213,341.212,0.0,-1.0,1.0,0.0,5,155.68835208507753,-0.014133614082000001,-0.0,-112.85712633411795,-1.0,0.0,0.0,126.45993688746604,
596,173.54,-13.6816,-0.136431,0.0262982,332.178,342.177,0.0,-1.0,1.0,0.0,5,160.1259899821556,-0.02281894814,-0.0,-109.44550725686332,-1.0,0.0,0.0,131.74179421979977,
597,174.262,-6.89215,-0.0927614,0.0359748,333.144,343.143,0.0,-1.0,1.0,0.0,5,165.4419958425895,-0.031345202988000004,-0.0,-102.52678688956169,-1.0,0.0,0.0,138.77895391721108,
598,174.629,-0.480413,-0.047385,0.044585,334.112,344.111,0.0,-0.3334912061691284,1.0,0.0,5,170.29713664930645,-0.038929169825,-0.6665087938308716,-90.60765985358242,-1.0,0.0,0.0,146.4063398779366,
599,174.653,5.17393,-0.00443751,0.0515687,335.082,345.081,0.0,-0.6816546320915222,1.0,0.0,5,174.26376946824988,-0.0450331408055,-0.3481634259223938,-67.15014422397886,-1.0,0.0,0.0,156.32675124367296,
600,174.444,10.4956,0.036936,0.0567842,336.052,346.051,0.0,-0.009005327709019184,1.0,0.0,5,171.10412002212564,-0.049528314924,-0.672649304382503,-81.87187460579722,-1.0,0.0,0.0,149.3848282644376,
601,174.116,15.3817,0.0768943,0.0601298,337.023,347.022,0.0,-1.0,1.0,0.0,5,166.91383382031708,-0.052347801284,-0.9909946722909808,-94.95892072088563,-1.0,0.0,0.0,141.82445743712438,
602,173.668,19.8587,0.115329,0.061451,337.994,347.993,0.0,0.5472849607467651,1.0,0.0,5,162.52202672425042,-0.05336036134,-1.5472849607467651,-103.08575860742307,-1.0,0.0,0.0,135.23304122283065,
603,173.153,23.9373,0.151562,0.0606604,338.965,348.964,0.0,0.3001924157142639,1.0,0.0,5,158.09652321423494,-0.052517651206,-0.24709254503250122,-108.54940876855218,-1.0,0.0,0.0,129.83252560738114,
604,172.69,27.4982,0.18324,0.0578698,339.936,349.935,0.0,0.15099453926086426,1.0,0.0,5,154.06544102804014,-0.04996767881,-0.14919787645339966,-112.26871898080942,-1.0,0.0,0.0,124.90353424109178,
605,172.244,30.1157,0.206343,0.0533257,340.907,350.906,0.0,0.9222798347473145,0.0,0.0,5,150.94530314177527,-0.045925159353999996,-0.7712852954864502,-114.47051127030669,-1.0,0.0,0.0,121.05036457619866,
606,171.867,30.5344,0.211722,0.0477685,341.877,351.876,0.0,1.0,0.0,0.0,5,149.97090655878978,-0.0410491439475,-0.07772016525268555,-114.78495378580055,-1.0,0.0,0.0,120.21030291881632,
607,172.071,27.6717,0.197421,0.0415652,342.845,352.844,0.0,0.6779376864433289,1.0,0.0,5,151.85354290036935,-0.035760827646,-0.32206231355667114,-113.69349748404784,-1.0,0.0,0.0,122.29778900764441,
608,172.705,22.2336,0.166392,0.034882,343.813,353.811,0.0,0.9274816513061523,0.0,0.0,5,156.0175741205313,-0.030121479050000007,-0.2495439648628235,-110.89195283356435,-1.0,0.0,0.0,127.18960124363136,
609,173.093,14.1619,0.117828,0.0280612,344.778,354.777,0.0,0.9446772933006287,0.0,0.0,5,161.7188054943225,-0.024285986457999998,-0.01719564199447632,-104.08851318935847,-1.0,0.0,0.0,134.66723251792655,
610,173.676,5.36116,0.0590983,0.0219326,345.742,355.741,0.0,1.0,1.0,0.0,5,168.24380571226115,-0.019045831188,-0.05532270669937134,-90.80090361996554,-1.0,0.0,0.0,144.50793716407193,
611,173.892,-3.12039,-0.000839651,0.0173843,346.707,356.706,0.0,-0.3233111500740051,1.0,0.0,5,173.81893441460576,-0.015114953478,-1.3233111500740051,-73.79085115544379,-1.0,0.0,0.0,153.95911332724464,
612,173.662,-11.0604,-0.0584048,0.0147541,347.674,357.673,0.0,-0.8987116813659668,1.0,0.0,5,168.29742864977337,-0.012811132571,-0.5754005312919617,-92.06950034470081,-1.0,0.0,0.0,144.0946222716396,
613,173.093,-18.1622,-0.112179,0.0141677,348.641,358.64,0.0,1.0,1.0,0.0,5,162.31667936585518,-0.0122616484805,-1.8987116813659668,-104.49171721315992,-1.0,0.0,0.0,134.6118749096749,
614,172.267,-24.5448,-0.162492,0.0157692,349.607,359.606,0.0,-1.0,1.0,0.0,5,156.0632658150582,-0.013582563882,-2.0,-111.49093892328986,-1.0,0.0,0.0,126.57694852035374,
615,171.272,-30.3795,-0.209367,0.0195397,350.574,360.573,0.0,-0.8997525572776794,1.0,0.0,5,149.73322576888748,-0.016733017492,-0.10024744272232056,-115.82758459141263,-1.0,0.0,0.0,119.72952237072563,
616,170.234,-35.7263,-0.251372,0.0253083,351.539,361.538,0.0,-1.0,1.0,0.0,5,143.71248500090053,-0.021541665711,-0.10024744272232056,-118.58532528321759,-1.0,0.0,0.0,113.01453778156844,
617,169.354,-40.014,-0.281113,0.0324725,352.505,362.504,0.0,-1.0,1.0,0.0,5,139.2148634553572,-0.027496738825000006,-0.0,-120.04159182518056,-1.0,0.0,0.0,108.17696876023707,
618,168.684,-41.4025,-0.292181,0.0404021,353.47,363.469,0.0,-1.0,1.0,0.5329316854476929,5,137.24082983477223,-0.034075939182000005,-0.0,-120.2985476408456,-1.0,0.0,0.0,106.13211698537883,
619,168.494,-39.6933,-0.285562,0.0490226,354.432,364.431,0.0,-1.0,1.0,0.0,5,137.93847617159827,-0.041300069822000005,-0.0,-119.89933362600377,-1.0,0.0,0.0,106.92234269527532,
620,169.196,-35.3673,-0.262159,0.0582475,355.391,365.39,0.0,-1.0,1.0,0.0,5,141.49006969331685,-0.04927622005,-0.0,-119.22972337265863,-1.0,0.0,0.0,110.63336263010221,
621,170.549,-28.356,-0.221874,0.0679677,356.349,366.348,0.0,-1.0,1.0,0.0,5,147.60295181358333,-0.05795911633650001,-0.0,-117.63117691552307,-1.0,0.0,0.0,117.13719846836608,
622,171.883,-18.83,-0.165623,0.0779972,357.308,367.307,0.0,-1.0,0.0,0.0,5,155.362021286416,-0.067031963638,-0.0,-113.44497128581423,-1.0,0.0,0.0,125.93374650132445,
623,172.393,-8.47471,-0.0993258,0.0876221,358.266,368.265,0.0,-1.0,1.0,0.0,5,162.99585166123637,-0.0755271834265,-0.0,-103.96111269590762,-1.0,0.0,0.0,135.93004630383297,
624,172.667,1.23881,-0.0323851,0.0958046,359.224,369.223,0.0,0.03717973828315735,1.0,0.0,5,169.7810314637079,-0.082711464341,-1.0371797382831573,-76.30035016718699,-1.0,0.0,0.0,149.3120785360852,
625,172.5,10.4173,0.0324025,0.102143,360.183,370.182,0.0,0.13930845260620117,1.0,0.0,5,169.61522553795922,-0.0880983375,-0.10212871432304382,-83.51022980139795,-1.0,0.0,0.0,147.6189311358128,
626,171.812,18.9163,0.0915264,0.106641,361.142,371.141,0.0,0.21265730261802673,0.0,0.0,5,163.24116682226222,-0.09161101746,-0.07334885001182556,-94.66263836945896,-1.0,0.0,0.0,138.46189155743394,
627,170.712,25.4506,0.141941,0.109337,362.102,372.101,0.0,-0.2232578992843628,1.0,0.0,5,156.92032227972106,-0.09332568972000001,-0.4359152019023895,-103.18184673495846,-1.0,0.0,0.0,129.90076034569074,
628,169.543,30.9798,0.187703,0.109883,363.06,373.059,0.0,0.3300643563270569,0.0,0.0,5,150.74646025581478,-0.093149467345,-0.5533222556114197,-108.18109650931615,-1.0,0.0,0.0,122.44203998445732,
629,168.312,35.8591,0.2261,0.108488,364.017,374.016,0.0,1.0,1.0,0.0,5,145.16217398522548,-0.09129916128000001,-0.6699356436729431,-111.00348754329772,-1.0,0.0,0.0,116.11902224501915,
630,167.395,39.0946,0.248986,0.105953,364.972,374.971,0.0,0.6712225675582886,0.0,0.0,5,141.60815406406385,-0.088680012175,-0.3287774324417114,-112.17987163829102,-1.0,0.0,0.0,112.37587291258359,
631,167.032,39.0553,0.256913,0.102358,365.926,375.925,0.0,0.5766366720199585,0.0,0.0,5,140.32875066626661,-0.08548530728000002,-0.09458589553833008,-112.5562292390461,-1.0,0.0,0.0,111.07583228056357,
632,166.986,37.1438,0.257554,0.0970782,366.877,376.876,0.0,0.4448534846305847,0.0,0.0,5,140.2111154194635,-0.081053501526,-0.13178318738937378,-112.69213294302936,-1.0,0.0,0.0,110.91749372596337,
633,167.003,34.6453,0.252016,0.0900524,367.825,377.824,0.0,0.607696533203125,0.0,0.0,5,140.90599153246092,-0.075195104786,-0.16284304857254028,-112.43610893957765,-1.0,0.0,0.0,111.67291627820875,
634,167.27,30.4841,0.239,0.0814471,368.769,378.768,0.0,-0.106006920337677,0.0,0.0,5,142.7163709442324,-0.068118282085,-0.713703453540802,-111.8235068737436,-1.0,0.0,0.0,113.47826490764926,
635,167.495,25.6589,0.223649,0.0708799,369.71,379.709,0.0,0.09626001119613647,0.0,0.0,5,144.74918369516223,-0.059360144252500004,-0.20226693153381348,-110.9392151499955,-1.0,0.0,0.0,115.89433968395069,
636,167.631,20.7881,0.206264,0.0583563,370.647,380.646,0.0,0.837470293045044,0.0,0.0,5,146.91191376561449,-0.0489116246265,-0.7412102818489075,-109.71163536260089,-1.0,0.0,0.0,118.2127302157831,
637,167.732,15.5877,0.181083,0.0445285,371.58,381.579,0.0,0.4328587055206299,0.0,0.0,5,149.8856072810193,-0.037344271809999996,-0.40461158752441406,-107.44098574414261,-1.0,0.0,0.0,121.8666330969163,
638,168.342,9.79702,0.146332,0.03016,372.512,382.511,0.0,0.4791153073310852,1.0,0.0,5,154.26985498654759,-0.0253859736,-0.04625660181045532,-103.92055015602335,-1.0,0.0,0.0,127.25045449339859,
639,168.665,4.09702,0.106336,0.0162161,373.446,383.445,0.0,0.47109681367874146,0.0,0.0,5,158.7616311822337,-0.0136754425325,-0.00801849365234375,-98.03279204923577,-1.0,0.0,0.0,133.23735217929655,
640,168.369,-1.08993,0.0651275,0.00365591,374.379,384.378,0.0,0.43923479318618774,0.0,0.0,5,162.5331990254571,-0.00307770955395,-0.03186202049255371,-92.9573298156048,-1.0,0.0,0.0,138.28123025585415,
641,168.372,-5.92992,0.0244098,-0.007116,375.312,385.311,0.0,0.6357139945030212,1.0,0.0,5,166.26708188657696,-0.00599067576,-0.1964792013168335,-89.64587218972345,-1.0,0.0,0.0,142.79067940299106,
642,168.359,-10.5091,-0.0149644,-0.0159823,376.247,386.246,0.0,-0.5832644701004028,1.0,0.0,5,167.08050106559347,-0.013453820228500002,-1.218978464603424,-87.10030200403159,-1.0,0.0,0.0,143.92627820497603,
643,168.24,-14.7092,-0.0504912,-0.0229681,377.184,387.183,0.0,-0.822568416595459,1.0,0.0,5,163.78007796988885,-0.019320765720000004,-0.23930394649505615,-85.13187765326424,-1.0,0.0,0.0,141.40599660690427,
644,168.148,-17.6561,-0.0795729,-0.0281916,378.122,388.121,0.0,0.28771740198135376,1.0,0.0,5,160.9329829704631,-0.023701805784000003,-1.1102858185768127,-83.86835121098332,-1.0,0.0,0.0,138.60910761636023,
645,168.024,-19.8468,-0.105274,-0.0314179,379.062,389.061,0.0,0.26376792788505554,1.0,0.0,5,158.26583487040148,-0.026394806147999997,-0.023949474096298218,-82.92352291555588,-1.0,0.0,0.0,136.50137449313561,
646,167.916,-21.6173,-0.128031,-0.0326303,380.002,390.001,0.0,-0.15367402136325836,1.0,0.0,5,155.82176067536463,-0.027395747274,-0.4174419492483139,-82.26407182555667,-1.0,0.0,0.0,134.10311438692696,
647,167.882,-22.7828,-0.147343,-0.0318796,380.943,390.942,0.0,0.1695161759853363,1.0,0.0,5,153.73952340847433,-0.026760055036,-0.32319019734859467,-101.09965502769464,-1.0,0.0,0.0,127.34089253731008,
648,167.909,-23.4898,-0.163787,-0.0290987,381.884,391.883,0.0,-0.2745693624019623,1.0,0.0,5,151.97259313094347,-0.0244296680915,-0.4440855383872986,-105.54847402402702,-1.0,0.0,0.0,124.42781929532903,
649,168.041,-23.5761,-0.176677,-0.0243424,382.826,392.825,0.0,0.6647068858146667,1.0,0.0,5,150.6577527106335,-0.020452606192,-0.939276248216629,-107.675870993263,-1.0,0.0,0.0,122.43654948166075,
650,168.208,-23.1664,-0.187107,-0.0175293,383.768,393.767,0.0,0.512199878692627,1.0,0.0,5,149.6273925199248,-0.014742842472,-0.1525070071220398,-109.30914432350998,-1.0,0.0,0.0,121.23961149443868,
651,168.415,-22.3895,-0.195332,-0.00864387,384.71,394.709,0.0,-1.0,1.0,0.0,5,148.8682783073196,-0.00727878683025,-1.512199878692627,-110.67117955140134,-1.0,0.0,0.0,119.73954466903123,
652,168.675,-21.2787,-0.201393,0.00229939,385.652,395.651,0.0,0.08136546611785889,1.0,0.0,5,148.39549073798543,-0.0019392480412500003,-1.0813654661178589,-111.83577410801587,-1.0,0.0,0.0,119.11019832310485,
653,168.974,-19.8759,-0.205704,0.0152649,386.594,396.593,0.0,0.38263702392578125,1.0,0.0,5,148.15458613199905,-0.012896856063,-0.30127155780792236,-112.84811292460492,-1.0,0.0,0.0,118.83927957744243,
654,169.302,-18.2971,-0.20889,0.030255,387.535,397.534,0.0,-1.0,1.0,0.0,5,148.06723298966958,-0.02561116005,-1.3826370239257812,-113.761960388923,-1.0,0.0,0.0,118.18634062521109,
655,169.42,-16.6379,-0.2095,0.0471516,388.476,398.475,0.0,-0.48057323694229126,0.0,0.0,5,148.09842408672984,-0.03994212036,-0.5194267630577087,-114.08412375321052,-1.0,0.0,0.0,118.3816229991499,
656,169.654,-14.3971,-0.197934,0.0651108,389.415,399.414,0.0,-0.8357406854629517,1.0,0.0,5,149.66076663856452,-0.055231538315999994,-0.3551674485206604,-88.60965658233759,-1.0,0.0,0.0,126.3465707201079,
657,170.34,-10.103,-0.170209,0.0832281,390.356,400.355,0.0,-1.0,1.0,0.0,5,153.45167817136294,-0.07088537277,-0.16425931453704834,-91.56952837515826,-1.0,0.0,0.0,129.43913291044228,
658,170.944,-4.7837,-0.132601,0.100854,391.299,401.298,0.0,-1.0,1.0,0.0,5,158.14285595919674,-0.08620193087999999,-0.0,-94.97963993555925,-1.0,0.0,0.0,133.31174404442692,
659,171.084,0.375005,-0.0927019,0.117217,392.245,402.244,0.0,0.4948270916938782,0.5839519500732422,0.0,5,162.43085593407918,-0.10026976614000001,-1.4948270916938782,-98.0646162721158,-1.0,0.0,0.0,136.36598397240206,
660,171.044,5.01447,-0.0546021,0.131876,393.191,403.19,0.0,1.0,1.0,0.0,5,166.1217281780693,-0.11278299272,-0.5051729083061218,-100.87190298131316,-1.0,0.0,0.0,139.63941756752916,
661,171.095,9.4227,-0.0205265,0.144904,394.139,404.138,0.0,0.9568504095077515,1.0,0.0,5,169.30308947059916,-0.1239617494,-0.043149590492248535,-103.53340143987118,-1.0,0.0,0.0,142.28283248408368,
662,171.238,12.5831,0.000422478,0.15699,395.09,405.088,0.0,0.193234384059906,1.0,0.0,5,171.20181257525928,-0.13441326809999998,-0.7636160254478455,-105.56532074903598,-1.0,0.0,0.0,143.44698431226593,
663,171.566,12.6195,0.0100111,0.168016,396.042,406.041,0.0,-0.5798831582069397,1.0,0.0,5,170.69863487086542,-0.14412916528,-0.7731175422668457,-107.18804103887729,-1.0,0.0,0.0,142.52556018318606,
664,171.646,11.9762,0.0162994,0.177256,396.997,406.996,0.0,0.7952280044555664,0.0,0.0,5,170.22439840300046,-0.15212641687999998,-1.375111162662506,-108.4118067182003,-1.0,0.0,0.0,141.55678695777164,
665,171.407,10.7257,0.0106078,0.18545,397.95,407.949,0.0,0.4560489356517792,0.0,0.0,5,170.4882477305866,-0.15893714075,-0.33917906880378723,-108.75883961200458,-1.0,0.0,0.0,142.0378469661943,
666,171.131,7.48002,-0.0111962,0.193535,398.902,408.901,0.0,0.8161259889602661,0.0,0.0,5,170.16228562177557,-0.16559919042500001,-0.36007705330848694,-108.35000924642873,-1.0,0.0,0.0,141.80116100375082,
667,170.763,3.2416,-0.0441626,0.202351,399.851,409.85,0.0,1.0,0.0,0.0,5,166.82706104131435,-0.172770319065,-0.1838740110397339,-107.38697929816043,-1.0,0.0,0.0,138.75238369439734,
668,170.25,-1.24472,-0.0820977,0.212707,400.796,410.795,0.0,1.0,0.0,0.0,5,162.695858099245,-0.18106683375000002,-0.0,-106.10464007428129,-1.0,0.0,0.0,134.98863124692465,
669,170.077,-5.91598,-0.121894,0.22492,401.738,411.737,0.0,1.0,1.0,0.0,5,158.47501628720542,-0.19126859420000003,-0.0,-105.12717321039263,-1.0,0.0,0.0,131.00195439040726,
670,169.909,-10.5637,-0.161941,0.2391,402.68,412.679,0.0,0.48279762268066406,1.0,0.0,5,153.98837896825827,-0.20312620950000002,-0.5172023773193359,-104.19039989318092,-1.0,0.0,0.0,126.58249207226723,
671,169.569,-14.9377,-0.200837,0.255337,403.621,413.62,0.0,1.0,1.0,0.0,5,149.2470303110494,-0.21648619876499997,-0.5172023773193359,-103.17342183398053,-1.0,0.0,0.0,122.08202794059345,
672,168.94,-18.8438,-0.237568,0.273681,404.56,414.558,0.0,1.0,0.0,0.0,5,144.3158763809129,-0.2311783407,-0.0,-101.99795939769986,-1.0,0.0,0.0,117.58520819078792,
673,168.25,-22.234,-0.27095,0.294128,405.495,415.494,0.0,0.47454068064689636,1.0,0.0,5,139.595951122084,-0.24743518,-0.5254593193531036,-100.93620349438015,-1.0,0.0,0.0,112.95682727268303,
674,167.716,-25.0299,-0.290802,0.31637,406.446,416.445,0.0,0.5958877801895142,1.0,0.0,5,136.63049539693475,-0.26530155460000004,-0.1213470995426178,-100.22840113917225,-1.0,0.0,0.0,110.27168942767891,
675,167.276,-27.2116,-0.285984,0.336996,407.439,417.438,0.0,0.5851081609725952,1.0,0.0,5,136.88759103298804,-0.28185671448000005,-0.010779619216918945,-99.80237848758969,-1.0,0.0,0.0,110.65190581084555,
676,166.739,-28.8998,-0.277772,0.354819,408.437,418.436,0.0,0.8073899745941162,0.0,0.0,5,137.4866277115674,-0.29581082620500004,-0.222281813621521,-99.43761219855864,-1.0,0.0,0.0,111.26472929163626,
677,166.191,-30.1767,-0.266977,0.369722,409.439,419.437,0.0,0.3521565794944763,1.0,0.0,5,138.3813374569844,-0.30722234451,-0.4552333950996399,-99.18434958379132,-1.0,0.0,0.0,112.14145769799669,
678,165.813,-31.0379,-0.253966,0.381722,410.442,420.441,0.0,0.9203277826309204,1.0,0.0,5,139.66449634433422,-0.31647234993,-0.5681712031364441,-99.213,-1.0,0.0,0.0,113.3743226334633,
679,165.535,-31.5348,-0.239295,0.390929,411.448,421.447,0.0,0.8809105157852173,1.0,0.0,5,141.2007634988169,-0.32356216007500005,-0.039417266845703125,-99.43395008398126,-1.0,0.0,0.0,115.0068886376929,
680,165.319,-31.7662,-0.223108,0.397383,412.455,422.454,0.0,0.23400840163230896,1.0,0.0,5,142.93210486545757,-0.328474800885,-0.6469021141529083,-99.79317608301288,-1.0,0.0,0.0,116.46126540957349,
681,165.168,-31.7691,-0.205489,0.40107,413.462,423.461,0.0,1.0,1.0,0.0,5,144.84215751225378,-0.3312196488,-0.765991598367691,-100.2907127570827,-1.0,0.0,0.0,118.20846219467282,
682,164.964,-31.4016,-0.186318,0.402052,414.469,424.468,0.0,-0.3738716244697571,0.0,0.0,5,146.8298396757777,-0.33162053064,-1.373871624469757,-100.82066051724466,-1.0,0.0,0.0,119.88089252848557,
683,164.73,-30.5889,-0.165227,0.400445,415.473,425.472,0.0,0.8553586006164551,1.0,0.0,5,148.9394636714086,-0.32982652425,-1.2292302250862122,-101.42274923043963,-1.0,0.0,0.0,121.8851807720228,
684,164.655,-29.5205,-0.142571,0.396318,416.474,426.473,0.0,-0.31649351119995117,1.0,0.0,5,151.2866128973875,-0.32627870145,-1.1718521118164062,-102.26238505239581,-1.0,0.0,0.0,124.0431822992936,
685,164.534,-28.2017,-0.118582,0.389667,417.472,427.471,0.0,1.0,0.0,0.0,5,153.64600322190262,-0.32056735089,-1.3164935111999512,-103.12517978661371,-1.0,0.0,0.0,126.14919287099919,
686,164.193,-26.4988,-0.0931759,0.380586,418.464,428.463,0.0,0.9206998348236084,0.0,0.0,5,155.842422656471,-0.31244778549,-0.0793001651763916,-103.84683856449527,-1.0,0.0,0.0,128.54447518030423,
687,163.934,-24.5457,-0.0667602,0.369224,419.449,429.448,0.0,1.0,1.0,0.0,5,158.10074554417312,-0.30264183608,-0.0793001651763916,-104.7114772573812,-1.0,0.0,0.0,130.59644434419488,
688,163.711,-22.4967,-0.0398232,0.355622,420.428,430.427,0.0,1.0,0.0,0.0,5,160.32231714330857,-0.29109616621,-0.0,-105.64562994176306,-1.0,0.0,0.0,132.6198134916578,
689,163.266,-20.302,-0.0123636,0.339859,421.399,431.398,0.0,1.0,0.0,0.0,5,162.2442698062537,-0.27743709747,-0.0,-106.39068373714305,-1.0,0.0,0.0,134.36916177449794,
690,162.712,-18.0043,0.015184,0.322005,422.36,432.359,0.0,1.0,0.0,0.0,5,161.45798138387661,-0.2619703878,-0.0,-107.04777809759665,-1.0,0.0,0.0,133.43406647167745,
691,162.105,-15.7059,0.0422349,0.302195,423.311,433.31,0.0,1.0,0.0,0.0,5,158.53821451256172,-0.24493660237499998,-0.0,-107.65117368816034,-1.0,0.0,0.0,130.38048448814664,
692,161.469,-13.532,0.0683765,0.280493,424.252,434.251,0.0,1.0,0.0,0.0,5,155.57564337941042,-0.226454621085,-0.0,-108.20386693905664,-1.0,0.0,0.0,127.29822202356127,
693,160.815,-11.5548,0.0931813,0.256946,425.183,435.182,0.0,1.0,0.0,0.0,5,152.63570888769019,-0.20660385495,-0.0,-108.70335063059316,-1.0,0.0,0.0,124.2532673750919,
694,160.149,-9.82087,0.11625,0.231625,426.102,436.101,0.0,1.0,0.0,0.0,5,149.78037783604097,-0.185472560625,-0.0,-109.1474470824662,-1.0,0.0,0.0,121.30804350479943,
695,159.476,-8.39752,0.137036,0.204604,427.011,437.01,0.0,1.0,0.0,0.0,5,147.08814335042777,-0.16314713752,-0.0,-109.53105430977024,-1.0,0.0,0.0,118.5422326354652,
696,158.799,-7.32147,0.155523,0.17592,427.909,437.908,0.0,1.0,0.0,0.0,5,144.58367093984404,-0.1396796004,-0.0,-109.85341388643916,-1.0,0.0,0.0,115.98063786783425,
697,158.121,-6.59604,0.171601,0.145638,428.795,438.794,0.0,1.0,0.0,0.0,5,142.29824526442135,-0.11514213099000001,-0.0,-110.11830007593323,-1.0,0.0,0.0,113.65352811444805,
698,157.445,-6.18773,0.185348,0.113817,429.671,439.67,0.0,1.0,0.0,0.0,5,140.24065195145468,-0.089599587825,-0.0,-110.33571429112939,-1.0,0.0,0.0,111.56712379084732,
699,156.769,-6.05568,0.196696,0.0805289,430.536,440.535,0.0,1.0,0.0,0.0,5,138.42743060894767,-0.0631221756205,-0.0,-110.51215185834643,-1.0,0.0,0.0,109.73627046874057,
700,156.092,-6.15697,0.206046,0.0459207,431.389,441.388,0.0,1.0,0.0,0.0,5,136.82274614174406,-0.035839269522000006,-0.0,-110.65587340452535,-1.0,0.0,0.0,108.12293852109073,
701,155.411,-6.44976,0.213672,0.0100441,432.232,442.231,0.0,1.0,0.0,0.0,5,135.3993394138976,-0.007804818125500001,-0.0,-110.7739033202203,-1.0,0.0,0.0,106.69805876571702,
702,154.725,-6.88903,0.219824,-0.0270163,433.064,443.063,0.0,1.0,0.0,0.0,5,134.13217192113814,-0.0209004850875,-0.0,-110.87472748089243,-1.0,0.0,0.0,105.39258956582752,
703,154.031,-7.43712,0.224694,-0.0651518,433.885,443.884,0.0,1.0,0.0,0.0,5,132.99934535025588,-0.050176984529,-0.0,-110.96453973217675,-1.0,0.0,0.0,104.2080334326827,
704,153.327,-8.06423,0.228327,-0.104266,434.695,444.694,0.0,1.0,0.0,0.0,5,131.99496835770182,-0.07993396490999999,-0.0,-111.04951663119007,-1.0,0.0,0.0,103.15265523499431,
705,152.612,-8.74445,0.231112,-0.144255,435.495,445.493,0.0,1.0,0.0,0.0,5,131.075735245725,-0.11007522029999998,-0.0,-111.13572244282281,-1.0,0.0,0.0,102.18172941471931,
706,151.886,-9.45384,0.233222,-0.185056,436.284,446.282,0.0,1.0,0.0,0.0,5,130.22250814403873,-0.14053707808000002,-0.0,-111.23131761285055,-1.0,0.0,0.0,101.27414166274609,
707,151.15,-10.1755,0.2348,-0.226593,437.062,447.061,0.0,1.0,0.0,0.0,5,129.4201698719358,-0.17124765975,-0.0,-111.34362865067956,-1.0,0.0,0.0,100.4130150495159,
708,150.403,-10.8944,0.235929,-0.268798,437.83,447.829,0.0,1.0,0.0,0.0,5,128.65840132826526,-0.20214012796999997,-0.0,-111.47858092919047,-1.0,0.0,0.0,99.58661596799763,
709,149.647,-11.5976,0.236581,-0.311605,438.588,448.587,0.0,1.0,0.0,0.0,5,127.94143319301553,-0.233153767175,-0.0,-111.64563160358563,-1.0,0.0,0.0,98.79687152494412,
710,148.883,-12.2746,0.237027,-0.354938,439.337,449.336,0.0,1.0,0.0,0.0,5,127.24039563339237,-0.26422117127,-0.0,-111.85270321479993,-1.0,0.0,0.0,98.01299865842239,
711,148.113,-12.918,0.237341,-0.398741,440.075,450.074,0.0,1.0,0.0,0.0,5,126.54879744481497,-0.29529362866500003,-0.0,-112.10920020053439,-1.0,0.0,0.0,97.22620376601637,
712,147.338,-13.5221,0.237595,-0.442972,440.803,450.802,0.0,1.0,0.0,0.0,5,125.85964146320723,-0.32633304267999996,-0.0,-112.42505225851016,-1.0,0.0,0.0,96.42704535589968,
713,146.9,-14.1027,0.238089,-0.487638,441.523,451.522,0.0,1.0,1.0,0.0,5,125.43313095293036,-0.358170111,-0.0,-113.1611725159276,-1.0,0.0,0.0,95.78466771294845,
714,146.5,-14.5532,0.239115,-0.53278,442.235,452.234,0.0,1.0,0.0,0.0,5,124.9830339477509,-0.39026135000000006,-0.0,-114.04529063448572,-1.0,0.0,0.0,95.08144993912947,
715,145.86,-14.7787,0.241156,-0.578279,442.939,452.938,0.0,1.0,0.0,0.0,5,124.22165071423899,-0.42173887470000004,-0.0,-114.82123971547834,-1.0,0.0,0.0,94.09460191066941,
716,145.152,-14.864,0.243964,-0.624071,443.634,453.633,0.0,1.0,0.0,0.0,5,123.32295743082106,-0.45350518200100004,-0.0,-115.66611727622859,-1.0,0.0,0.0,92.95292292976292,
717,144.43,-14.8558,0.247155,-0.670097,444.32,454.319,0.0,1.0,0.0,0.0,5,122.37397350641999,-0.4888241379590001,-0.0,-116.64115043763057,-1.0,0.0,0.0,91.72486175905334,
718,143.709,-14.7858,0.250535,-0.716337,444.997,454.996,0.0,1.0,0.0,0.0,5,121.40806147312449,-0.528254667234,-0.0,-117.78325063763826,-1.0,0.0,0.0,90.43399414648093,
719,142.991,-14.6644,0.253961,-0.762746,445.666,455.665,0.0,1.0,0.0,0.0,5,120.44202296802521,-0.5718153269460001,-0.0,-119.12988183676214,-1.0,0.0,0.0,89.08773718188868,
720,142.276,-14.5074,0.257186,-0.809285,446.326,456.325,0.0,1.0,0.0,0.0,5,119.50181203424643,-0.619509374525,-0.0,-120.73862411527348,-1.0,0.0,0.0,87.69764663090307,
721,141.612,-14.4232,0.260788,-0.855939,446.978,456.977,0.0,1.0,0.0,0.0,5,118.56692766036363,-0.671560940061,-0.0,-122.7695925105097,-1.0,0.0,0.0,86.2029685926752,
722,141.014,-14.2754,0.265975,-0.902887,447.622,457.621,0.0,1.0,0.0,0.0,5,117.52270707315806,-0.728339071859,-0.0,-125.46679703612256,-1.0,0.0,0.0,84.42766874226842,
723,140.459,-13.992,0.272848,-0.950211,448.258,458.257,0.0,1.0,0.0,0.0,5,116.3379411335979,-0.789976178766,-0.0,-129.29305319733254,-1.0,0.0,0.0,82.22470165549876,
724,139.883,-14.0404,0.278932,-0.998149,448.885,458.884,0.0,1.0,0.0,0.0,5,115.21959823904311,-0.856643009036,-0.0,-137.72064461755244,-1.0,0.0,0.0,78.932794075619,
725,139.305,-14.2379,0.283382,-1.04664,449.504,459.503,0.0,1.0,0.0,0.0,5,114.27372104237003,-0.9284982156000001,-0.0,-139.305,-1.0,0.0,0.0,77.51897282677002,
726,138.892,-14.3322,0.290658,-1.09582,450.116,460.115,0.0,1.0,0.0,0.0,5,113.16422478111264,-1.0068406296,-0.0,-138.892,-1.0,0.0,0.0,76.43438415151263,
727,138.749,-14.0407,0.302914,-1.14593,450.72,460.719,0.0,0.9634958505630493,1.0,0.0,5,111.73732929463229,-1.0930227727499997,-0.036504149436950684,-138.749,-1.0,0.0,0.0,74.9461052770512,
728,138.923,-12.9575,0.317204,-1.19703,451.318,461.317,0.0,0.8468652963638306,1.0,0.0,5,110.32647821465326,-1.18791981435,-0.11663055419921875,-138.923,-1.0,0.0,0.0,73.3728192340435,
729,138.826,-12.5613,0.331748,-1.24915,451.909,461.908,0.0,1.0,0.0,0.0,5,108.64888761276107,-1.2884682120000002,-0.15313470363616943,-138.826,-1.0,0.0,0.0,71.60797898967022,
730,138.642,-12.1504,0.344761,-1.30262,452.492,462.491,0.0,0.23061144351959229,1.0,0.0,5,107.05524574842418,-1.3966640745999999,-0.7693885564804077,-138.642,-1.0,0.0,0.0,69.76726510688006,
731,138.802,-11.7647,0.356093,-1.3571,453.068,463.067,0.0,1.0,1.0,0.0,5,105.90016711011859,-1.515041381,-0.7693885564804077,-138.802,-1.0,0.0,0.0,68.45380916217445,
732,139.056,-11.1606,0.369466,-1.41267,453.639,463.638,0.0,0.1443309783935547,1.0,0.0,5,104.56476619987532,-1.6426337265000004,-0.8556690216064453,-139.056,-1.0,0.0,0.0,66.90143176689338,
733,138.909,-10.7369,0.38098,-1.4693,454.204,464.203,0.0,0.49476486444473267,1.0,0.0,5,103.12402691704656,-1.7761774585,-0.350433886051178,-138.909,-1.0,0.0,0.0,65.51546929273121,
734,139.206,-10.4909,0.388949,-1.52679,454.763,464.762,0.0,1.0,1.0,0.0,5,102.41386311327199,-1.9216313478000002,-0.5052351355552673,-139.206,-1.0,0.0,0.0,64.53916122480541,
735,139.243,-10.7282,0.397641,-1.5853,455.316,465.315,0.0,1.0,1.0,0.0,5,101.41831149219244,-2.0745257295,-0.0,-139.243,-1.0,0.0,0.0,63.53303576269245,
736,139.25,-10.9536,0.404497,-1.64497,455.863,465.861,0.0,1.0,1.0,0.0,5,100.61122627902898,-2.2372726634000006,-0.0,-139.25,-1.0,0.0,0.0,62.56145361562898,
737,139.431,-11.2384,0.408228,-1.70545,456.403,466.402,0.0,1.0,0.0,0.0,5,100.29745000843839,-2.4109826972499997,-0.0,-139.431,-1.0,0.0,0.0,62.02871731118838,
738,139.386,-11.3542,0.415266,-1.76675,456.938,466.937,0.0,1.0,1.0,0.0,5,99.4229704338866,-2.5926066399999996,-0.0,-139.386,-1.0,0.0,0.0,60.983863793886606,
739,139.156,-11.6639,0.420355,-1.82887,457.466,467.465,0.0,0.7615658044815063,1.0,0.0,5,98.64794456563051,-2.7826126455000004,-0.23843419551849365,-139.156,-1.0,0.0,0.0,60.00480166147497,
740,139.335,-12.1287,0.42413,-1.89181,457.99,467.989,0.0,1.0,1.0,0.0,5,98.31938745273399,-2.98674980785,-0.23843419551849365,-139.335,-1.0,0.0,0.0,59.427357386228444,
741,139.357,-12.5285,0.43076,-1.95577,458.507,468.506,0.0,1.0,0.0,0.0,5,97.5314933673628,-3.2008634923500003,-0.0,-139.357,-1.0,0.0,0.0,58.491379875012804,
742,139.158,-12.7307,0.435296,-2.0206,459.018,469.017,0.0,1.0,1.0,0.0,5,96.84086723130903,-3.4240176339999993,-0.0,-139.158,-1.0,0.0,0.0,57.62734959730904,
743,139.165,-13.1258,0.438108,-2.08596,459.522,469.521,0.0,0.4905315637588501,1.0,0.0,5,96.50292051143542,-3.6595402386,-0.5094684362411499,-139.165,-1.0,0.0,0.0,56.89928974196308,
744,139.047,-13.9517,0.441489,-2.15224,460.021,470.02,0.0,1.0,1.0,0.0,5,96.00824828837986,-3.9057615939999994,-0.5094684362411499,-139.047,-1.0,0.0,0.0,56.187896163507524,
745,138.768,-14.7068,0.441825,-2.21935,460.513,470.512,0.0,1.0,1.0,0.0,5,95.77460046157098,-4.1621682264999995,-0.0,-138.768,-1.0,0.0,0.0,55.92043223507098,
746,138.953,-15.7767,0.440518,-2.28708,460.999,470.998,0.0,1.0,1.0,0.0,5,96.06194264670042,-4.4352220626,-0.0,-138.953,-1.0,0.0,0.0,55.88847058410041,
747,138.906,-16.7252,0.441784,-2.35574,461.48,471.479,0.0,0.9335888028144836,0.0,0.0,5,95.87485424050843,-4.7187550497999995,-0.06641119718551636,-138.906,-1.0,0.0,0.0,55.409675831552775,
748,138.556,-17.6033,0.440552,-2.42509,461.957,471.955,0.0,1.0,1.0,0.0,5,95.78334647710983,-5.0110073583,-0.06641119718551636,-138.556,-1.0,0.0,0.0,55.11341575965417,
749,138.677,-18.4559,0.438133,-2.49488,462.428,472.427,0.0,0.36955881118774414,1.0,0.0,5,96.1614800487984,-5.3204825832000004,-0.6304411888122559,-138.677,-1.0,0.0,0.0,54.98261510895471,
750,138.5,-19.5722,0.438147,-2.56536,462.894,472.893,0.0,0.340697705745697,1.0,0.0,5,96.03704405796749,-5.6391517296,-0.02886110544204712,-138.5,-1.0,0.0,0.0,54.76423399673487,
751,138.367,-20.2779,0.437644,-2.63657,463.354,473.353,0.0,1.0,1.0,0.0,5,96.00584881381323,-5.971688770849999,-0.659302294254303,-138.367,-1.0,0.0,0.0,54.244619354686954,
752,138.33,-20.8735,0.436371,-2.70812,463.809,473.808,0.0,1.0,1.0,0.0,5,96.13447727700252,-6.3172411323999995,-0.0,-138.33,-1.0,0.0,0.0,54.234736144602515,
753,138.079,-22.0568,0.434972,-2.78024,464.26,474.259,0.0,0.04960501194000244,1.0,0.0,5,96.12912746568635,-6.6729102524,-0.9503949880599976,-138.079,-1.0,0.0,0.0,53.651348716868355,
754,137.73,-23.3156,0.430801,-2.85304,464.704,474.703,0.0,1.0,1.0,0.0,5,96.38788470646764,-7.040935237599999,-0.9503949880599976,-137.73,-1.0,0.0,0.0,53.62933097244966,
755,137.68,-24.8377,0.424168,-2.92634,465.144,475.143,0.0,-0.043309688568115234,1.0,0.0,5,97.14702741776757,-7.426350251600001,-1.0433096885681152,-137.68,-1.0,0.0,0.0,53.987684259597145,
756,137.578,-26.2705,0.419811,-3.00026,465.58,475.579,0.0,0.9093712568283081,1.0,0.0,5,97.59398854773737,-7.825096919,-0.9526809453964233,-137.578,-1.0,0.0,0.0,54.088587345118434,
757,137.142,-27.6456,0.414714,-3.07482,466.011,476.01,0.0,0.8748291730880737,0.0,0.0,5,97.88750249470789,-8.233168854599999,-0.034542083740234375,-137.142,-1.0,0.0,0.0,54.358471014985824,
758,136.989,-28.4833,0.409583,-3.14955,466.439,476.438,0.0,0.8166996240615845,1.0,0.0,5,98.3818745484737,-8.65747372725,-0.05812954902648926,-136.989,-1.0,0.0,0.0,54.459711956515754,
759,136.534,-29.932,0.405599,-3.22469,466.861,476.86,0.0,1.0,0.0,0.0,5,98.52042204629042,-9.090396718399997,-0.18330037593841553,-136.534,-1.0,0.0,0.0,54.2415352151089,
760,136.087,-31.2737,0.40143,-3.30049,467.277,477.276,0.0,0.46423137187957764,1.0,0.0,5,98.68153571382084,-9.53841515325,-0.5357686281204224,-136.087,-1.0,0.0,0.0,53.960639972134715,
761,135.797,-32.0348,0.396502,-3.37651,467.69,477.689,0.0,0.037199974060058594,1.0,0.0,5,99.03953512479211,-10.00160742245,-0.42703139781951904,-135.797,-1.0,0.0,0.0,53.96056828299624,
762,135.4,-33.1664,0.391162,-3.45265,468.098,478.097,0.0,0.4081478714942932,1.0,0.0,5,99.36128680091213,-10.475056072500001,-0.3709478974342346,-135.4,-1.0,0.0,0.0,53.92494635918185,
763,134.903,-34.7969,0.385249,-3.52928,468.501,478.5,0.0,-0.5421299934387207,0.0,0.0,5,99.6676774385784,-10.9612336176,-0.9502778649330139,-134.903,-1.0,0.0,0.0,53.6956104614985,
764,134.415,-36.0026,0.378384,-3.60629,468.899,478.898,0.0,-0.20261603593826294,1.0,0.0,5,100.0791181581071,-11.46147691585,-0.33951395750045776,-134.415,-1.0,0.0,0.0,53.912037055006955,
765,134.236,-37.0499,0.373777,-3.68354,469.308,479.307,0.0,0.8070802092552185,1.0,0.0,5,100.46057866638188,-11.980537308799999,-1.0096962451934814,-134.236,-1.0,0.0,0.0,53.618132484023846,
766,134.048,-37.8623,0.364205,-3.76077,469.928,479.927,0.0,-1.0,1.0,0.0,5,101.3810337591448,-12.511085477699998,-1.8070802092552185,-134.048,-1.0,0.0,0.0,53.81582421866824,
767,133.898,-38.1815,0.355137,-3.8375,470.55,480.549,0.0,-0.28857457637786865,0.9587879180908203,0.0,5,102.26318492549805,-13.050574124999999,-0.7114254236221313,-133.898,-1.0,0.0,0.0,54.52468317341141,
768,133.811,-38.3746,0.346535,-3.91338,471.175,481.174,0.0,0.6378710269927979,1.0,0.0,5,103.1327940130226,-13.5967534803,-0.9264456033706665,-133.811,-1.0,0.0,0.0,54.8053568517114,
769,133.397,-39.2775,0.336955,-3.98878,471.802,481.801,0.0,0.19026245176792145,1.0,0.0,5,103.84400588035582,-14.1442863167,-0.4476085752248764,-133.397,-1.0,0.0,0.0,55.216186991088364,
770,132.767,-40.3651,0.324748,-4.06381,472.428,482.427,0.0,0.11673177778720856,0.0,1.0,5,104.64644200028076,-14.69567902745,-0.07353067398071289,-132.767,-1.0,0.0,0.0,55.736953770636546,
771,132.101,-40.8455,0.312714,-4.13804,473.056,483.055,0.0,1.0,1.0,0.0,5,105.37446608718862,-15.2509231518,-0.8832682222127914,-132.101,-1.0,0.0,0.0,55.833312468724785,
772,131.328,-41.5872,0.299781,-4.21124,473.684,483.683,0.0,-1.0,1.0,0.0,5,106.07962659334035,-15.8063229712,-2.0,-131.328,-1.0,0.0,0.0,55.84130362214035,
773,130.664,-42.7615,0.285399,-4.28373,474.313,484.312,0.0,-0.7573235034942627,1.0,0.0,5,106.98496898148883,-16.3685131965,-0.2426764965057373,-130.664,-1.0,0.0,0.0,56.877652836037115,
774,130.284,-43.5571,0.271324,-4.3555,474.943,484.942,0.0,0.33057329058647156,1.0,0.0,5,108.05927999501176,-16.94104006,-1.0878967940807343,-130.284,-1.0,0.0,0.0,57.220870896787545,
775,129.948,-43.9291,0.25822,-4.4262,475.577,485.576,0.0,-1.0,1.0,0.0,5,109.04795176710678,-17.515685627999996,-1.3305732905864716,-129.948,-1.0,0.0,0.0,57.64609415193083,
776,129.557,-44.4945,0.245699,-4.49584,476.213,486.212,0.0,0.07752791792154312,1.0,0.0,5,109.90972569600186,-18.089907020000002,-1.0775279179215431,-129.557,-1.0,0.0,0.0,58.10731030062539,
777,129.127,-45.3078,0.232454,-4.56471,476.852,486.851,0.0,-0.7590700387954712,1.0,0.0,5,110.78075217710605,-18.66606192495,-0.8365979567170143,-129.127,-1.0,0.0,0.0,58.58196086514094,
778,128.486,-45.999,0.217815,-4.6327,477.493,487.492,0.0,0.38666820526123047,0.0,1.0,5,111.56742184824115,-19.238854751,-1.1457382440567017,-128.486,-1.0,0.0,0.0,58.863345624024134,
779,127.435,-46.352,0.209207,-4.6995,477.99,487.988,0.0,-0.31869959831237793,0.0,0.0,5,111.42327496829753,-19.8003041625,-0.7053678035736084,-127.435,-1.0,0.0,0.0,58.55261046472545,
780,126.294,-47.2151,0.207057,-4.76622,478.28,488.279,0.0,-1.0,1.0,0.07245731353759766,5,110.61458066708003,-20.3671140318,-0.6813004016876221,-126.294,-1.0,0.0,0.0,57.46957651477375,
781,125.411,-48.2836,0.203933,-4.83342,478.567,488.566,0.0,-0.17355279624462128,1.0,0.0,5,110.11291978648215,-20.952665074500008,-0.8264472037553787,-125.411,-1.0,0.0,0.0,56.55957055085554,
782,124.781,-48.7536,0.201856,-4.90089,478.849,488.848,0.0,-0.9564049243927002,1.0,0.0,5,109.73892049746567,-21.55534456755001,-0.7828521281480789,-124.781,-1.0,0.0,0.0,55.75347029147123,
783,124.402,-48.6872,0.202148,-4.96827,479.128,489.127,0.0,-0.18184171617031097,1.0,0.0,5,109.38052674055282,-22.17209641560001,-0.7745632082223892,-124.402,-1.0,0.0,0.0,54.875561362486096,
784,124.093,-48.9322,0.204062,-5.03576,479.404,489.403,0.0,-0.9436178803443909,1.0,0.0,5,108.94461309725743,-22.800479606000003,-0.7617761641740799,-124.093,-1.0,0.0,0.0,53.89235064200521,
785,123.872,-49.1845,0.207319,-5.10374,479.677,489.676,0.0,0.14907190203666687,0.0,0.0,5,108.47071598128525,-23.444726394000003,-1.0926897823810577,-123.872,-1.0,0.0,0.0,52.73018265257093,
786,123.75,-48.8558,0.211845,-5.17206,479.946,489.945,0.0,0.18161025643348694,1.0,0.0,5,107.9734387393258,-24.103944768600005,-0.03253835439682007,-123.75,-1.0,0.0,0.0,51.92223246440675,
787,123.654,-48.4885,0.217056,-5.24045,480.213,490.212,0.0,-0.14650313556194305,1.0,0.0,5,107.43775075823206,-24.773789224000005,-0.32811339199543,-123.654,-1.0,0.0,0.0,50.65202751663341,
788,123.419,-48.6796,0.222041,-5.3093,480.477,490.476,0.0,0.6291526556015015,1.0,0.0,5,106.79933864020009,-25.453848973500005,-0.7756557911634445,-123.419,-1.0,0.0,0.0,49.25804292935106,
789,123.231,-48.8959,0.226054,-5.37879,480.737,490.736,0.0,-0.16996842622756958,1.0,0.0,5,106.28569940791931,-26.15100221655001,-0.799121081829071,-123.231,-1.0,0.0,0.0,48.087210866820584,
790,123.082,-48.8517,0.227866,-5.4486,480.994,490.993,0.0,-0.33023887872695923,1.0,0.0,5,105.99835141378057,-26.862044886000003,-0.16027045249938965,-123.082,-1.0,0.0,0.0,47.31772539203075,
791,122.785,-49.1603,0.228162,-5.51856,481.248,491.247,0.0,-0.9890756011009216,1.0,0.15175414085388184,5,105.71665745736998,-27.580214421600004,-0.6588367223739624,-122.785,-1.0,0.0,0.0,46.24254201905779,
792,122.351,-49.9152,0.227726,-5.58899,481.5,491.499,0.0,-0.09364761412143707,0.0,0.0,5,105.38102503189941,-28.309113797550005,-0.8954279869794846,-122.351,-1.0,0.0,0.0,45.21553283825557,
793,121.959,-50.4783,0.225727,-5.65982,481.759,491.758,0.0,-0.0033273398876190186,1.0,0.0,5,105.21697606621856,-29.053108369300002,-0.09032027423381805,-121.959,-1.0,0.0,0.0,44.64702161464841,
794,121.696,-50.7531,0.22267,-5.73066,482.017,492.016,0.0,-0.8816720843315125,1.0,0.0,5,105.25414682483998,-29.81066403240001,-0.8783447444438934,-121.696,-1.0,0.0,0.0,43.755979369106804,
795,121.313,-51.3489,0.219587,-5.80149,482.274,492.273,0.0,1.0,1.0,0.0,5,105.18737430693812,-30.574479001950007,-1.8816720843315125,-121.313,-1.0,0.0,0.0,42.72014367968866,
796,120.822,-52.3542,0.216101,-5.87272,482.527,492.526,0.0,1.0,1.0,0.0,5,105.05828499663755,-31.349345077600006,-0.0,-120.822,-1.0,0.0,0.0,42.50343991903755,
797,120.443,-53.0154,0.21206,-5.94423,482.778,492.777,0.0,-1.0,1.0,0.39261746406555176,5,105.06993401060636,-32.140498762350006,-2.0,-120.443,-1.0,0.0,0.0,41.218685248256364,
798,119.952,-53.4635,0.207989,-6.01572,483.027,493.026,0.0,0.3336385190486908,1.0,0.0,5,104.98220870319112,-32.9380113456,-1.3336385190486908,-119.952,-1.0,0.0,0.0,40.65610580187651,
799,119.296,-54.3573,0.203122,-6.08726,483.274,493.273,0.0,0.7315255403518677,1.0,0.0,5,104.8107807439549,-33.7409511524,-0.3978870213031769,-119.296,-1.0,0.0,0.0,40.12646348516394,
800,118.622,-55.5532,0.19714,-6.15915,483.517,493.516,0.0,-1.0,1.0,0.0,5,104.70740182812484,-34.55720217900001,-1.7315255403518677,-118.622,-1.0,0.0,0.0,38.97524198701926,
801,117.988,-56.6147,0.18998,-6.23133,483.758,493.757,0.0,-0.5531191229820251,1.0,0.0,5,104.724778330651,-35.3879883891,-0.44688087701797485,-117.988,-1.0,0.0,0.0,38.70572567844562,
802,117.269,-57.5541,0.181929,-6.30353,483.997,493.996,0.0,-0.27237197756767273,1.0,0.0,5,104.72508425865273,-36.22629775875001,-0.2807471454143524,-117.269,-1.0,0.0,0.0,38.09731235627841,
803,116.322,-58.9115,0.172479,-6.37579,484.234,494.233,0.0,-1.0,1.0,0.0,5,104.61416629505014,-37.06797334600001,-0.7276280224323273,-116.322,-1.0,0.0,0.0,37.247404542320425,
804,115.324,-60.6298,0.16154,-6.44836,484.468,494.466,0.0,-0.8415862321853638,1.0,0.0,5,104.54830871583351,-37.9215680328,-0.15841376781463623,-115.324,-1.0,0.0,0.0,36.74821655268913,
805,114.405,-62.1212,0.149329,-6.5212,484.699,494.698,0.0,-0.4142571687698364,1.0,0.0,5,104.62152046364105,-38.79089887000001,-0.42732906341552734,-114.405,-1.0,-80.0,0.0,-43.89882712538361,out_of_track
